1
93
1
1
11
55
55
55
55
55
55
55
147
31
31
1
1
43
43
43
43
43
1
1
1
1
1
1
1
1
1
1
100
1
1
1
59
59
59
59
14
14
14
14
14
14
14
14
14
14
14
14
14
1
14
1
14
14
1
1
1
146
146
146
1
146
146
1
1
146
146
146
1
1
146
1
146
1
1
1
0
1
10
9
1
1
52
52
52
1
52
52
52
52
21
1
1
1
1
1
1
1
1
1
1
1
1
1
52
1
1
1
1
1
1
1
1
1
1
1
1
1
1
1
1
1
0
0
0
0
0
0
0
0
0
0
1
1
1
1
1
1
1
1
1
1
1
29
50
50
50
50
0
0
0
0
0
0
0
0
0
0
0
0
1
1
1
1
1
1
1
1
1
17
1
1
1
1
1
12
12
12
1
1
1
1
1
1
1
1
1
1
1
1
1
1
1
1
1
1
1
1
35
35
1
2
1
1
1
1
1
1
1
4
4
104
104
104
104
4
104
104
4
104
4
4
104
104
4
104
4
104
104
4
1
1
1
3
10
10
10
0
30
1
1
1
1
1
4
7
7
7
7
11
11
11
11
7
11
11
11
11
11
7
1
1
1
0
0
0
0
0
0
1
1
1
1
1
1
1
1
1
1
1
1
12
1
1
1
1
1
1
1
1
1
10
10
10
10
10
10
10
10
10
42
42
42
42
42
42
42
42
1
13
4
4
1
1
1
60
60
60
60
37
1
1
1
1
1
1
1
1
1
1
1
1
1
1
1
1
1
1
1
1
1
1
1
1
1
1
1
1
1
1
1
1
1
1
1
1
1
1
1
1
100
100
100
100
1
1
1
1
46
46
46
46
46
46
46
46
46
1
1
14
68
94
68
36
36
36
68
68
36
36
68
36
0
0
0
0
0
0
0
61
60
60
60
60
61
60
60
60
60
1
1
1
1
1
1
4
0
0
0
0
1
1
1
1
1
1
1
40
40
1
1
1
1
1
1
1
1
1
1
1
1
1
1
1
1
8
1
1
1
1
1
1
15
3
6
6
3
3
6
6
3
6
6
3
25
25
16
16
16
1
1
1
1
1
1
1
1
1
1
73
73
73
73
73
73
1
1
1
1
1
1
57
1
1
1
1
1
1
1
1
1
1
1
1
1
1
1
1
1
1
1
1
1
1
1
1
1
1
28
28
28
28
28
28
28
28
28
28
28
28
28
28
28
28
28
28
28
28
28
28
28
28
28
28
28
28
28
28
28
28
28
28
28
28
28
28
28
28
28
28
28
28
28
28
28
18
18
18
18
18
18
18
18
18
18
18
18
18
18
1
1
1
1
1
1
1
1
1
1
1
1
1
1
15
15
15
15
15
15
15
15
15
15
15
15
15
15
15
15
15
15
15
15
15
15
15
1
1
1
1
1
1
1
1
1
1
1
0
1
1
1
1
1
1
1
1
1
1
1
1
1
1
1
1
1
1
1
1
1
1
1
1
1
1
1
1
1
1
1
1
1
1
1
1
1
1
1
1
1
1
1
1
1
1
1
1
1
1
1
1
1
1
1
1
1
1
1
1
1
1
1
1
1
1
1
1
1
1
1
1
1
1
1
1
1
1
1
1
1
1
1
1
1
1
1
1
1
1
1
1
1
1
1
1
1
1
1
1
1
1
1
1
4
4
1
1
1
1
1
1
1
1
1
1
1
1
1
1
1
1
1
1
1
1
1
4
4
4
4
4
14
24
24
24
14
0
0
0
0
0
0
25
25
25
25
25
25
25
25
25
1
25
1
25
25
25
25
25
25
25
25
25
25
1
25
25
25
1
25
18
11
1
1
1
1
1
1
1
1
1
1
1
1
1
1
1
1
1
1
1
1
1
1
1
1
1
1
1
1
1
1
1
1
1
1
1
1
1
1
1
1
1
1
1
1
1
1
1
11
