1
93
1
1
11
147
1
1
1
100
1
14
14
14
14
14
14
14
14
14
14
14
14
14
1
14
1
14
14
146
146
146
1
146
146
1
1
146
146
146
1
1
146
1
146
1
0
1
1
1
1
1
1
1
1
1
1
1
1
1
1
1
1
1
1
1
1
1
1
1
1
1
1
0
0
0
0
0
0
0
0
0
0
1
1
29
1
1
1
1
1
1
1
1
1
1
1
12
12
12
1
1
1
1
1
1
1
1
1
1
1
1
1
1
35
35
1
2
1
1
1
1
1
4
4
104
104
104
104
4
104
104
4
104
4
4
104
104
4
104
4
104
104
4
1
1
1
10
10
10
1
1
1
1
7
7
7
0
0
0
0
1
1
1
1
42
42
42
42
42
42
42
42
13
4
4
60
60
60
60
37
1
1
1
1
1
100
100
100
100
1
1
68
94
68
36
36
36
68
68
36
36
68
36
1
1
4
1
1
1
1
1
1
1
1
1
1
1
1
1
1
1
1
1
8
1
1
1
1
15
16
16
16
1
1
1
1
1
18
18
18
18
18
18
18
18
18
18
18
18
18
18
1
1
1
1
1
1
1
1
1
1
1
1
1
1
15
15
15
15
15
15
15
15
15
15
15
15
15
15
15
15
15
15
15
15
15
15
15
1
1
1
1
1
0
1
1
1
1
1
1
1
1
1
1
1
1
1
1
1
1
1
1
1
1
1
1
1
1
1
1
1
1
1
1
1
1
1
1
1
1
1
1
1
1
1
1
1
1
1
1
1
1
1
1
1
1
4
4
1
1
1
1
1
1
1
1
1
1
1
1
1
1
1
1
1
1
1
1
1
4
4
4
4
4
25
25
25
25
25
25
25
25
25
1
25
1
25
25
25
25
25
25
25
25
25
25
1
25
25
25
1
25
1
1
1
1
1
1
1
1
1
1
1
1
1
1
1
1
1
1
1
1
1
1
1
1
1
1
1
1
1
1
1
1
1
1
1
1
1
1
1
1
1
1
1
1
1
1
1
