1
55
55
55
55
55
55
55
31
31
1
43
43
43
43
43
1
1
1
1
1
1
1
1
1
1
59
59
59
59
1
1
1
1
1
10
9
1
1
52
52
52
1
52
52
52
52
21
1
1
1
1
52
1
1
1
1
1
1
1
1
1
1
50
50
50
50
0
0
0
0
0
0
0
0
0
0
0
0
17
1
1
1
1
1
1
1
1
1
1
1
3
0
30
1
4
7
11
11
11
11
7
11
11
11
11
11
7
1
1
1
0
0
1
1
1
1
1
1
1
1
1
1
1
12
1
1
1
1
1
1
10
10
10
10
10
10
10
10
10
1
1
1
1
1
1
1
1
1
1
1
1
1
1
1
1
1
1
1
1
1
1
1
1
1
1
1
1
1
1
1
1
1
1
1
1
1
1
1
1
1
1
1
46
46
46
46
46
46
46
46
46
14
0
0
0
0
0
0
0
61
60
60
60
60
61
60
60
60
60
1
1
1
1
0
0
0
0
1
1
1
1
1
40
40
1
1
1
3
6
6
3
3
6
6
3
6
6
3
25
25
1
1
1
1
1
1
1
1
73
73
73
73
73
73
1
1
1
57
1
1
1
1
1
1
1
1
1
1
1
1
1
1
1
1
1
1
1
1
1
1
1
1
1
1
28
28
28
28
28
28
28
28
28
28
28
28
28
28
28
28
28
28
28
28
28
28
28
28
28
28
28
28
28
28
28
28
28
28
28
28
28
28
28
28
28
28
28
28
28
28
28
1
1
1
1
1
1
1
1
1
1
1
1
1
1
1
1
1
1
1
1
1
1
1
1
1
1
1
1
1
1
1
1
1
1
1
1
1
1
1
1
1
1
1
1
1
1
1
1
1
1
1
1
1
1
1
1
1
1
14
24
24
24
14
0
0
0
0
0
0
18
11
11
