NC_035780.1	401630	401632	53	NC_035780.1	394983	409280	0
NC_035780.1	571138	571140	58	NC_035780.1	544088	573497	0
NC_035780.1	1882691	1882693	64	NC_035780.1	1882143	1890106	0
NC_035780.1	1885022	1885024	61	NC_035780.1	1882143	1890106	0
NC_035780.1	1933499	1933501	51	NC_035780.1	1928718	1940217	0
NC_035780.1	2538924	2538926	-50	NC_035780.1	2524425	2553408	0
NC_035780.1	2541726	2541728	-54	NC_035780.1	2524425	2553408	0
NC_035780.1	2584492	2584494	56	NC_035780.1	2554181	2599559	0
NC_035780.1	2586508	2586510	-53	NC_035780.1	2554181	2599559	0
NC_035780.1	2589720	2589722	57	NC_035780.1	2554181	2599559	0
NC_035780.1	4286286	4286288	67	NC_035780.1	4282771	4298209	0
NC_035780.1	4286802	4286804	-62	NC_035780.1	4282771	4298209	0
NC_035780.1	4288213	4288215	-58	NC_035780.1	4282771	4298209	0
NC_035780.1	4289628	4289630	-52	NC_035780.1	4282771	4298209	0
NC_035780.1	8693287	8693289	-52	NC_035780.1	8692509	8698183	0
NC_035780.1	8833124	8833126	60	NC_035780.1	8829533	8833841	0
NC_035780.1	9110274	9110276	-63	NC_035780.1	9103662	9111843	0
NC_035780.1	12631453	12631455	60	NC_035780.1	12630576	12697104	0
NC_035780.1	15412264	15412266	50	NC_035780.1	15350536	15428837	0
NC_035780.1	15414934	15414936	51	NC_035780.1	15350536	15428837	0
NC_035780.1	17093218	17093220	-52	NC_035780.1	17089706	17093548	0
NC_035780.1	17488958	17488960	-57	NC_035780.1	17457431	17541765	0
NC_035780.1	19149580	19149582	-61	NC_035780.1	19113704	19150486	0
NC_035780.1	19482568	19482570	56	NC_035780.1	19475014	19496585	0
NC_035780.1	19968152	19968154	-60	NC_035780.1	19964628	19969093	0
NC_035780.1	22177828	22177830	-51	NC_035780.1	22071505	22257650	0
NC_035780.1	22177828	22177830	-51	NC_035780.1	22144200	22228175	0
NC_035780.1	22276726	22276728	55	NC_035780.1	22269635	22278631	0
NC_035780.1	24227052	24227054	79	NC_035780.1	24218680	24228020	0
NC_035780.1	24258094	24258096	-50	NC_035780.1	24250832	24260358	0
NC_035780.1	25858297	25858299	-51	NC_035780.1	25822372	25884623	0
NC_035780.1	26676903	26676905	-61	NC_035780.1	26659273	26696606	0
NC_035780.1	27396182	27396184	52	NC_035780.1	27361633	27399528	0
NC_035780.1	27482716	27482718	52	NC_035780.1	27467847	27490600	0
NC_035780.1	28493519	28493521	-53	NC_035780.1	28489151	28499544	0
NC_035780.1	28739472	28739474	62	NC_035780.1	28734177	28740474	0
NC_035780.1	30150623	30150625	-55	NC_035780.1	30141813	30153309	0
NC_035780.1	31302904	31302906	-60	NC_035780.1	31295876	31307973	0
NC_035780.1	31302934	31302936	-58	NC_035780.1	31295876	31307973	0
NC_035780.1	31303159	31303161	-58	NC_035780.1	31295876	31307973	0
NC_035780.1	31303207	31303209	-60	NC_035780.1	31295876	31307973	0
NC_035780.1	32447267	32447269	63	NC_035780.1	32442550	32450480	0
NC_035780.1	32717030	32717032	-52	NC_035780.1	32697475	32718987	0
NC_035780.1	32766797	32766799	58	NC_035780.1	32746900	32773125	0
NC_035780.1	32766797	32766799	58	NC_035780.1	32754200	32800756	0
NC_035780.1	32787976	32787978	-60	NC_035780.1	32754200	32800756	0
NC_035780.1	35969128	35969130	-53	NC_035780.1	35960923	35999467	0
NC_035780.1	38002468	38002470	-57	NC_035780.1	38000541	38011441	0
NC_035780.1	38014597	38014599	-50	NC_035780.1	38013612	38033065	0
NC_035780.1	38085952	38085954	59	NC_035780.1	38078620	38087856	0
NC_035780.1	38132128	38132130	55	NC_035780.1	38130571	38134205	0
NC_035780.1	38236493	38236495	50	NC_035780.1	38209799	38243110	0
NC_035780.1	43027588	43027590	50	NC_035780.1	43023506	43032422	0
NC_035780.1	43327056	43327058	50	NC_035780.1	43324882	43331405	0
NC_035780.1	48165057	48165059	72	NC_035780.1	48156159	48172553	0
NC_035780.1	49916825	49916827	-52	NC_035780.1	49906461	49921533	0
NC_035780.1	54074030	54074032	-52	NC_035780.1	54056039	54080164	0
NC_035780.1	54211052	54211054	-62	NC_035780.1	54209853	54212984	0
NC_035780.1	55484705	55484707	-52	NC_035780.1	55482623	55484919	0
NC_035780.1	55852212	55852214	58	NC_035780.1	55842639	55853933	0
NC_035780.1	57337100	57337102	-54	NC_035780.1	57313370	57338228	0
NC_035780.1	58135767	58135769	74	NC_035780.1	58135923	58150035	155
NC_035780.1	60359486	60359488	65	NC_035780.1	60354242	60376358	0
NC_035780.1	60587461	60587463	-74	NC_035780.1	60582499	60600638	0
NC_035780.1	62750217	62750219	53	NC_035780.1	62741197	62750429	0
NC_035780.1	62782868	62782870	-50	NC_035780.1	62781848	62790222	0
NC_035781.1	275904	275906	53	NC_035781.1	270013	278295	0
NC_035781.1	631436	631438	-60	NC_035781.1	629192	640054	0
NC_035781.1	631899	631901	-57	NC_035781.1	629192	640054	0
NC_035781.1	783409	783411	-50	NC_035781.1	778370	786566	0
NC_035781.1	1874187	1874189	-51	NC_035781.1	1857266	1876606	0
NC_035781.1	2169468	2169470	-58	NC_035781.1	2167518	2177787	0
NC_035781.1	2277404	2277406	57	NC_035781.1	2272619	2290963	0
NC_035781.1	2383028	2383030	67	NC_035781.1	2381708	2410563	0
NC_035781.1	2454890	2454892	-50	NC_035781.1	2453079	2463423	0
NC_035781.1	5035159	5035161	-51	NC_035781.1	5018960	5038201	0
NC_035781.1	5386447	5386449	50	NC_035781.1	5383711	5397505	0
NC_035781.1	5648771	5648773	-55	NC_035781.1	5623609	5686073	0
NC_035781.1	5652041	5652043	63	NC_035781.1	5623609	5686073	0
NC_035781.1	5928086	5928088	52	NC_035781.1	5886123	5961792	0
NC_035781.1	7609505	7609507	57	NC_035781.1	7589782	7641768	0
NC_035781.1	7609505	7609507	57	NC_035781.1	7590843	7626904	0
NC_035781.1	7626510	7626512	-56	NC_035781.1	7589782	7641768	0
NC_035781.1	7626510	7626512	-56	NC_035781.1	7590843	7626904	0
NC_035781.1	8787455	8787457	55	NC_035781.1	8783486	8790616	0
NC_035781.1	9369563	9369565	51	NC_035781.1	9365907	9372778	0
NC_035781.1	10383010	10383012	-58	NC_035781.1	10296923	10783376	0
NC_035781.1	10383010	10383012	-58	NC_035781.1	10381195	10388001	0
NC_035781.1	10427419	10427421	56	NC_035781.1	10296923	10783376	0
NC_035781.1	10427419	10427421	56	NC_035781.1	10416559	10438076	0
NC_035781.1	10427642	10427644	63	NC_035781.1	10296923	10783376	0
NC_035781.1	10427642	10427644	63	NC_035781.1	10416559	10438076	0
NC_035781.1	10430444	10430446	-52	NC_035781.1	10296923	10783376	0
NC_035781.1	10430444	10430446	-52	NC_035781.1	10416559	10438076	0
NC_035781.1	13033010	13033012	-63	NC_035781.1	13027454	13041540	0
NC_035781.1	13281049	13281051	-51	NC_035781.1	13268605	13286933	0
NC_035781.1	20126029	20126031	-52	NC_035781.1	20125441	20128033	0
NC_035781.1	20200244	20200246	-68	NC_035781.1	20190184	20206936	0
NC_035781.1	20620123	20620125	57	NC_035781.1	20621318	20627158	1194
NC_035781.1	22439769	22439771	53	NC_035781.1	22434445	22454564	0
NC_035781.1	22901072	22901074	54	NC_035781.1	22898163	22915582	0
NC_035781.1	23710326	23710328	-54	NC_035781.1	23547365	23984687	0
NC_035781.1	23710326	23710328	-54	NC_035781.1	23704212	23726612	0
NC_035781.1	24354115	24354117	-51	NC_035781.1	24351436	24359576	0
NC_035781.1	24474567	24474569	53	NC_035781.1	24468785	24491957	0
NC_035781.1	28525219	28525221	50	NC_035781.1	28506678	28526775	0
NC_035781.1	28992818	28992820	52	NC_035781.1	28992071	28998845	0
NC_035781.1	29126963	29126965	51	NC_035781.1	29124655	29135389	0
NC_035781.1	29178318	29178320	-55	NC_035781.1	29151204	29172604	-5715
NC_035781.1	29385292	29385294	56	NC_035781.1	29382512	29399362	0
NC_035781.1	29765549	29765551	-51	NC_035781.1	29764721	29773190	0
NC_035781.1	30062222	30062224	60	NC_035781.1	30056439	30061881	-342
NC_035781.1	30153250	30153252	51	NC_035781.1	30149304	30155205	0
NC_035781.1	30488984	30488986	51	NC_035781.1	30478461	30490287	0
NC_035781.1	30789623	30789625	-57	NC_035781.1	30781806	30790310	0
NC_035781.1	30803513	30803515	-54	NC_035781.1	30799383	30817008	0
NC_035781.1	30827585	30827587	55	NC_035781.1	30824874	30840658	0
NC_035781.1	31150010	31150012	53	NC_035781.1	31150663	31153670	652
NC_035781.1	32146059	32146061	52	NC_035781.1	32127204	32162055	0
NC_035781.1	37444181	37444183	56	NC_035781.1	37438984	37455180	0
NC_035781.1	39583208	39583210	-50	NC_035781.1	39546923	39580797	-2412
NC_035781.1	42529448	42529450	-50	NC_035781.1	42509323	42544567	0
NC_035781.1	43054122	43054124	-60	NC_035781.1	43048000	43060502	0
NC_035781.1	43382430	43382432	52	NC_035781.1	43360157	43391468	0
NC_035781.1	43563161	43563163	56	NC_035781.1	43561226	43574491	0
NC_035781.1	44165242	44165244	-53	NC_035781.1	44140859	44172691	0
NC_035781.1	45110112	45110114	73	NC_035781.1	45108521	45113815	0
NC_035781.1	45110203	45110205	-51	NC_035781.1	45108521	45113815	0
NC_035781.1	47215727	47215729	52	NC_035781.1	47208391	47245757	0
NC_035781.1	47331062	47331064	-56	NC_035781.1	47321473	47343589	0
NC_035781.1	49000882	49000884	61	NC_035781.1	48983080	49017599	0
NC_035781.1	49178842	49178844	-51	NC_035781.1	49167988	49196227	0
NC_035781.1	50711254	50711256	-71	NC_035781.1	50668564	50706175	-5080
NC_035781.1	53358699	53358701	56	NC_035781.1	53327375	53366545	0
NC_035781.1	53358848	53358850	-55	NC_035781.1	53327375	53366545	0
NC_035781.1	53364501	53364503	-58	NC_035781.1	53327375	53366545	0
NC_035781.1	53374025	53374027	-57	NC_035781.1	53367140	53376491	0
NC_035781.1	53674857	53674859	68	NC_035781.1	53662040	53678590	0
NC_035781.1	54151548	54151550	54	NC_035781.1	54154390	54158289	2841
NC_035781.1	54715613	54715615	56	NC_035781.1	54712172	54728416	0
NC_035781.1	54716976	54716978	-52	NC_035781.1	54712172	54728416	0
NC_035781.1	54737383	54737385	56	NC_035781.1	54736644	54742128	0
NC_035781.1	54790379	54790381	61	NC_035781.1	54783500	54803452	0
NC_035781.1	56224734	56224736	58	NC_035781.1	56213473	56245772	0
NC_035781.1	56296256	56296258	63	NC_035781.1	56292117	56296488	0
NC_035781.1	57902071	57902073	-51	NC_035781.1	57866843	57913370	0
NC_035781.1	59274788	59274790	51	NC_035781.1	59272570	59279290	0
NC_035781.1	59274911	59274913	61	NC_035781.1	59272570	59279290	0
NC_035781.1	59590229	59590231	51	NC_035781.1	59566969	59596465	0
NC_035781.1	59605796	59605798	-53	NC_035781.1	59597843	59609037	0
NC_035781.1	59696862	59696864	-51	NC_035781.1	59688080	59711516	0
NC_035781.1	59698879	59698881	66	NC_035781.1	59688080	59711516	0
NC_035781.1	59716717	59716719	54	NC_035781.1	59711527	59723654	0
NC_035781.1	59717177	59717179	56	NC_035781.1	59711527	59723654	0
NC_035781.1	59742649	59742651	-65	NC_035781.1	59725757	59746413	0
NC_035782.1	3352881	3352883	56	NC_035782.1	3351009	3370251	0
NC_035782.1	4508265	4508267	-50	NC_035782.1	4506640	4508824	0
NC_035782.1	4729348	4729350	55	NC_035782.1	4716673	4763219	0
NC_035782.1	6260447	6260449	-54	NC_035782.1	6257699	6263526	0
NC_035782.1	6425688	6425690	55	NC_035782.1	6418633	6435112	0
NC_035782.1	6675419	6675421	-50	NC_035782.1	6672669	6681158	0
NC_035782.1	6685343	6685345	-68	NC_035782.1	6685983	6707220	639
NC_035782.1	6685349	6685351	-50	NC_035782.1	6685983	6707220	633
NC_035782.1	6686535	6686537	-55	NC_035782.1	6685983	6707220	0
NC_035782.1	6897406	6897408	-53	NC_035782.1	6898189	6901944	782
NC_035782.1	8707637	8707639	52	NC_035782.1	8700495	8739466	0
NC_035782.1	15147632	15147634	-68	NC_035782.1	15129491	15184149	0
NC_035782.1	15148526	15148528	-50	NC_035782.1	15129491	15184149	0
NC_035782.1	15285000	15285002	-54	NC_035782.1	15241545	15287834	0
NC_035782.1	15347935	15347937	55	NC_035782.1	15344220	15354917	0
NC_035782.1	19354457	19354459	53	NC_035782.1	19347879	19359308	0
NC_035782.1	20856833	20856835	-59	NC_035782.1	20784632	20966671	0
NC_035782.1	22251780	22251782	-53	NC_035782.1	22248885	22288352	0
NC_035782.1	22559283	22559285	52	NC_035782.1	22558708	22571865	0
NC_035782.1	22569027	22569029	-50	NC_035782.1	22558708	22571865	0
NC_035782.1	23870428	23870430	74	NC_035782.1	23866796	23874758	0
NC_035782.1	25351681	25351683	52	NC_035782.1	25316090	25379174	0
NC_035782.1	26339741	26339743	-59	NC_035782.1	26315807	26367258	0
NC_035782.1	26344076	26344078	-51	NC_035782.1	26315807	26367258	0
NC_035782.1	29760016	29760018	50	NC_035782.1	29755965	29765987	0
NC_035782.1	34280754	34280756	-50	NC_035782.1	34044936	34574288	0
NC_035782.1	34498893	34498895	-55	NC_035782.1	34044936	34574288	0
NC_035782.1	34498895	34498897	-71	NC_035782.1	34044936	34574288	0
NC_035782.1	35693355	35693357	-55	NC_035782.1	35680608	35712587	0
NC_035782.1	37370860	37370862	73	NC_035782.1	37327578	37376173	0
NC_035782.1	37370872	37370874	75	NC_035782.1	37327578	37376173	0
NC_035782.1	37370881	37370883	68	NC_035782.1	37327578	37376173	0
NC_035782.1	37843185	37843187	-55	NC_035782.1	37840574	37864852	0
NC_035782.1	40860496	40860498	59	NC_035782.1	40855462	40903364	0
NC_035782.1	41847823	41847825	-50	NC_035782.1	41843835	41862230	0
NC_035782.1	43017702	43017704	54	NC_035782.1	43015955	43060465	0
NC_035782.1	45180768	45180770	-62	NC_035782.1	45161553	45190186	0
NC_035782.1	45857195	45857197	52	NC_035782.1	45855457	45861802	0
NC_035782.1	46793650	46793652	58	NC_035782.1	46766920	46818900	0
NC_035782.1	48662582	48662584	60	NC_035782.1	48655388	48690131	0
NC_035782.1	48688410	48688412	-58	NC_035782.1	48655388	48690131	0
NC_035782.1	48688413	48688415	-56	NC_035782.1	48655388	48690131	0
NC_035782.1	49571336	49571338	-58	NC_035782.1	49551208	49589770	0
NC_035782.1	49575756	49575758	-61	NC_035782.1	49551208	49589770	0
NC_035782.1	49656582	49656584	53	NC_035782.1	49655583	49696442	0
NC_035782.1	49693130	49693132	51	NC_035782.1	49655583	49696442	0
NC_035782.1	50390335	50390337	50	NC_035782.1	50374182	50392925	0
NC_035782.1	50620240	50620242	55	NC_035782.1	50620090	50642168	0
NC_035782.1	51594718	51594720	-52	NC_035782.1	51578815	51603239	0
NC_035782.1	53681702	53681704	-58	NC_035782.1	53660344	53690541	0
NC_035782.1	53693367	53693369	61	NC_035782.1	53690611	53716544	0
NC_035782.1	57056676	57056678	53	NC_035782.1	57049018	57096815	0
NC_035782.1	57057398	57057400	51	NC_035782.1	57049018	57096815	0
NC_035782.1	58675230	58675232	52	NC_035782.1	58654999	58674194	-1037
NC_035782.1	58675269	58675271	50	NC_035782.1	58654999	58674194	-1076
NC_035782.1	58948370	58948372	-50	NC_035782.1	58924168	58967420	0
NC_035782.1	61203970	61203972	51	NC_035782.1	61195838	61209507	0
NC_035782.1	63438236	63438238	68	NC_035782.1	63429546	63446314	0
NC_035782.1	63514944	63514946	50	NC_035782.1	63510843	63517012	0
NC_035782.1	63564041	63564043	-55	NC_035782.1	63555194	63569766	0
NC_035782.1	64758095	64758097	53	NC_035782.1	64745480	64763811	0
NC_035782.1	65377028	65377030	51	NC_035782.1	65329670	65374316	-2713
NC_035782.1	67715552	67715554	66	NC_035782.1	67695734	67735552	0
NC_035782.1	72205396	72205398	-55	NC_035782.1	72205997	72216921	600
NC_035783.1	2891928	2891930	52	NC_035783.1	2890063	2898732	0
NC_035783.1	4336100	4336102	63	NC_035783.1	4306273	4347457	0
NC_035783.1	8555952	8555954	-59	NC_035783.1	8552562	8566420	0
NC_035783.1	11164219	11164221	-62	NC_035783.1	11164297	11167516	77
NC_035783.1	15040568	15040570	-50	NC_035783.1	15036330	15052449	0
NC_035783.1	16217946	16217948	53	NC_035783.1	16217005	16220473	0
NC_035783.1	17850324	17850326	54	NC_035783.1	17801179	17855480	0
NC_035783.1	18011470	18011472	51	NC_035783.1	18004886	18046068	0
NC_035783.1	19526092	19526094	50	NC_035783.1	19521203	19536412	0
NC_035783.1	19545473	19545475	50	NC_035783.1	19541126	19546290	0
NC_035783.1	19594384	19594386	51	NC_035783.1	19592529	19595402	0
NC_035783.1	19856040	19856042	50	NC_035783.1	19851129	19856753	0
NC_035783.1	20710045	20710047	61	NC_035783.1	20697421	20716772	0
NC_035783.1	20710063	20710065	61	NC_035783.1	20697421	20716772	0
NC_035783.1	20710091	20710093	83	NC_035783.1	20697421	20716772	0
NC_035783.1	20719351	20719353	52	NC_035783.1	20715474	20721327	0
NC_035783.1	20844034	20844036	70	NC_035783.1	20840174	20848192	0
NC_035783.1	20844474	20844476	65	NC_035783.1	20840174	20848192	0
NC_035783.1	20856440	20856442	55	NC_035783.1	20850830	20872123	0
NC_035783.1	21066968	21066970	50	NC_035783.1	21064639	21080243	0
NC_035783.1	21066994	21066996	54	NC_035783.1	21064639	21080243	0
NC_035783.1	21070058	21070060	53	NC_035783.1	21064639	21080243	0
NC_035783.1	21073266	21073268	-50	NC_035783.1	21064639	21080243	0
NC_035783.1	21076506	21076508	50	NC_035783.1	21064639	21080243	0
NC_035783.1	21109545	21109547	53	NC_035783.1	21108991	21127572	0
NC_035783.1	21111798	21111800	66	NC_035783.1	21108991	21127572	0
NC_035783.1	22397441	22397443	50	NC_035783.1	22367508	22530703	0
NC_035783.1	22609860	22609862	-56	NC_035783.1	22605941	22612356	0
NC_035783.1	23130125	23130127	53	NC_035783.1	23124581	23134715	0
NC_035783.1	23674165	23674167	-62	NC_035783.1	23566934	23675129	0
NC_035783.1	25301967	25301969	-57	NC_035783.1	25285234	25321419	0
NC_035783.1	25304490	25304492	-63	NC_035783.1	25285234	25321419	0
NC_035783.1	25307878	25307880	-78	NC_035783.1	25285234	25321419	0
NC_035783.1	25307894	25307896	-50	NC_035783.1	25285234	25321419	0
NC_035783.1	26034430	26034432	-52	NC_035783.1	26028344	26035770	0
NC_035783.1	26360833	26360835	65	NC_035783.1	26254045	26359089	-1745
NC_035783.1	29749414	29749416	57	NC_035783.1	29743531	29751155	0
NC_035783.1	30129116	30129118	-50	NC_035783.1	30117476	30130139	0
NC_035783.1	30386525	30386527	52	NC_035783.1	30384605	30399684	0
NC_035783.1	30742307	30742309	52	NC_035783.1	30681594	30779854	0
NC_035783.1	32082626	32082628	-53	NC_035783.1	31750051	32121457	0
NC_035783.1	32082626	32082628	-53	NC_035783.1	32058529	32093829	0
NC_035783.1	32197764	32197766	55	NC_035783.1	32193131	32208073	0
NC_035783.1	32417238	32417240	-60	NC_035783.1	32411180	32424850	0
NC_035783.1	32580030	32580032	62	NC_035783.1	32571064	32589233	0
NC_035783.1	36262747	36262749	57	NC_035783.1	36240650	36287176	0
NC_035783.1	36586659	36586661	52	NC_035783.1	36583807	36586055	-605
NC_035783.1	38039086	38039088	-51	NC_035783.1	38027316	38046164	0
NC_035783.1	41484688	41484690	-59	NC_035783.1	41480574	41482651	-2038
NC_035783.1	41657099	41657101	-50	NC_035783.1	41649997	41661682	0
NC_035783.1	42295607	42295609	-51	NC_035783.1	42292989	42298521	0
NC_035783.1	42871170	42871172	-51	NC_035783.1	42859068	42873199	0
NC_035783.1	44312384	44312386	-51	NC_035783.1	44309547	44318830	0
NC_035783.1	45068802	45068804	52	NC_035783.1	45069784	45079394	981
NC_035783.1	46125338	46125340	51	NC_035783.1	45940856	46144490	0
NC_035783.1	47273229	47273231	56	NC_035783.1	47263571	47299833	0
NC_035783.1	48434286	48434288	-53	NC_035783.1	48398662	48467690	0
NC_035783.1	49079096	49079098	-50	NC_035783.1	49066339	49113886	0
NC_035783.1	50075652	50075654	-52	NC_035783.1	50076390	50125883	737
NC_035783.1	57083697	57083699	-51	NC_035783.1	57082636	57084307	0
NC_035783.1	57925335	57925337	-58	NC_035783.1	57906897	57934776	0
NC_035783.1	57926772	57926774	65	NC_035783.1	57906897	57934776	0
NC_035783.1	57931740	57931742	50	NC_035783.1	57906897	57934776	0
NC_035783.1	58186423	58186425	60	NC_035783.1	58182051	58187524	0
NC_035783.1	58980060	58980062	-65	NC_035783.1	58979191	58985514	0
NC_035784.1	1046255	1046257	-54	NC_035784.1	1022278	1061925	0
NC_035784.1	1062719	1062721	-51	NC_035784.1	1062623	1068322	0
NC_035784.1	1924233	1924235	-53	NC_035784.1	1914509	1937877	0
NC_035784.1	1992223	1992225	61	NC_035784.1	1986516	1999533	0
NC_035784.1	2007282	2007284	-51	NC_035784.1	2003282	2010848	0
NC_035784.1	2011997	2011999	-60	NC_035784.1	2003282	2010848	-1150
NC_035784.1	2256854	2256856	-52	NC_035784.1	2253035	2264233	0
NC_035784.1	2288950	2288952	-55	NC_035784.1	2284001	2293709	0
NC_035784.1	2326139	2326141	-54	NC_035784.1	2298250	2337112	0
NC_035784.1	2333163	2333165	57	NC_035784.1	2298250	2337112	0
NC_035784.1	2333298	2333300	63	NC_035784.1	2298250	2337112	0
NC_035784.1	2338123	2338125	-53	NC_035784.1	2337755	2374062	0
NC_035784.1	2340023	2340025	-55	NC_035784.1	2337755	2374062	0
NC_035784.1	2350201	2350203	-55	NC_035784.1	2337755	2374062	0
NC_035784.1	2443679	2443681	-61	NC_035784.1	2437703	2445573	0
NC_035784.1	2777422	2777424	-53	NC_035784.1	2776546	2779685	0
NC_035784.1	3040122	3040124	50	NC_035784.1	3032735	3044262	0
NC_035784.1	3631155	3631157	50	NC_035784.1	3628344	3666492	0
NC_035784.1	5236070	5236072	-53	NC_035784.1	5220554	5236667	0
NC_035784.1	7656220	7656222	54	NC_035784.1	7621973	7657566	0
NC_035784.1	7825971	7825973	56	NC_035784.1	7797966	7832266	0
NC_035784.1	8331780	8331782	-51	NC_035784.1	8329867	8338603	0
NC_035784.1	9477059	9477061	-55	NC_035784.1	9471691	9477988	0
NC_035784.1	10016144	10016146	-56	NC_035784.1	9998359	10021473	0
NC_035784.1	14145239	14145241	54	NC_035784.1	14132625	14151327	0
NC_035784.1	14247055	14247057	-59	NC_035784.1	14218676	14257154	0
NC_035784.1	14259080	14259082	-50	NC_035784.1	14257287	14271513	0
NC_035784.1	18634307	18634309	-58	NC_035784.1	18612707	18659117	0
NC_035784.1	21410057	21410059	-59	NC_035784.1	21396586	21417659	0
NC_035784.1	21410064	21410066	-56	NC_035784.1	21396586	21417659	0
NC_035784.1	21805784	21805786	-53	NC_035784.1	21771845	21809553	0
NC_035784.1	21869174	21869176	51	NC_035784.1	21868572	21910081	0
NC_035784.1	22572278	22572280	-57	NC_035784.1	22570303	22573170	0
NC_035784.1	25138820	25138822	50	NC_035784.1	25137527	25159456	0
NC_035784.1	26800339	26800341	66	NC_035784.1	26784993	26800712	0
NC_035784.1	26845664	26845666	59	NC_035784.1	26845262	26851165	0
NC_035784.1	32778719	32778721	51	NC_035784.1	32774850	32788391	0
NC_035784.1	33375189	33375191	-54	NC_035784.1	33374491	33390845	0
NC_035784.1	34072923	34072925	51	NC_035784.1	34071040	34075919	0
NC_035784.1	36745878	36745880	63	NC_035784.1	36743644	36747147	0
NC_035784.1	36788436	36788438	51	NC_035784.1	36777123	36788966	0
NC_035784.1	36797029	36797031	-56	NC_035784.1	36791265	36801233	0
NC_035784.1	36957811	36957813	50	NC_035784.1	36954147	36962294	0
NC_035784.1	37719492	37719494	-53	NC_035784.1	37718342	37734686	0
NC_035784.1	37751434	37751436	-57	NC_035784.1	37742490	37753869	0
NC_035784.1	38226015	38226017	54	NC_035784.1	38208090	38230756	0
NC_035784.1	39544458	39544460	-51	NC_035784.1	39531861	39553217	0
NC_035784.1	39858400	39858402	57	NC_035784.1	39838510	39861792	0
NC_035784.1	42036908	42036910	56	NC_035784.1	42010432	42033058	-3851
NC_035784.1	42103145	42103147	-63	NC_035784.1	42093372	42127854	0
NC_035784.1	43356400	43356402	-52	NC_035784.1	43353022	43383153	0
NC_035784.1	45667412	45667414	56	NC_035784.1	45682060	45699864	14647
NC_035784.1	45928233	45928235	50	NC_035784.1	45919632	45962756	0
NC_035784.1	46805444	46805446	70	NC_035784.1	46804110	46806190	0
NC_035784.1	47479564	47479566	-51	NC_035784.1	47458912	47484374	0
NC_035784.1	49941160	49941162	52	NC_035784.1	49923357	49943451	0
NC_035784.1	49990876	49990878	51	NC_035784.1	49990087	50005106	0
NC_035784.1	50083563	50083565	-51	NC_035784.1	50077781	50095396	0
NC_035784.1	50085312	50085314	50	NC_035784.1	50077781	50095396	0
NC_035784.1	50724127	50724129	53	NC_035784.1	50714962	50725332	0
NC_035784.1	51552241	51552243	53	NC_035784.1	51542190	51552570	0
NC_035784.1	52580950	52580952	50	NC_035784.1	52576801	52582157	0
NC_035784.1	52581119	52581121	-52	NC_035784.1	52576801	52582157	0
NC_035784.1	52581362	52581364	-72	NC_035784.1	52576801	52582157	0
NC_035784.1	52581683	52581685	-59	NC_035784.1	52576801	52582157	0
NC_035784.1	52582702	52582704	60	NC_035784.1	52582146	52585885	0
NC_035784.1	52601240	52601242	51	NC_035784.1	52598334	52605104	0
NC_035784.1	53283228	53283230	55	NC_035784.1	53269677	53284646	0
NC_035784.1	53289051	53289053	-51	NC_035784.1	53284783	53292550	0
NC_035784.1	53329759	53329761	50	NC_035784.1	53329102	53340571	0
NC_035784.1	53515949	53515951	50	NC_035784.1	53517384	53518675	1434
NC_035784.1	53739781	53739783	-65	NC_035784.1	53717949	53756785	0
NC_035784.1	53991051	53991053	-51	NC_035784.1	53976716	54005868	0
NC_035784.1	53991914	53991916	-52	NC_035784.1	53976716	54005868	0
NC_035784.1	53995723	53995725	-55	NC_035784.1	53976716	54005868	0
NC_035784.1	54347058	54347060	72	NC_035784.1	54345742	54362366	0
NC_035784.1	54639922	54639924	-51	NC_035784.1	54623693	54644543	0
NC_035784.1	54998518	54998520	-50	NC_035784.1	54992598	55004547	0
NC_035784.1	55104962	55104964	52	NC_035784.1	55096011	55111903	0
NC_035784.1	55104962	55104964	52	NC_035784.1	55104405	55159828	0
NC_035784.1	55154349	55154351	-51	NC_035784.1	55104405	55159828	0
NC_035784.1	55379466	55379468	57	NC_035784.1	55353197	55390427	0
NC_035784.1	55404563	55404565	-53	NC_035784.1	55403530	55406091	0
NC_035784.1	57133703	57133705	57	NC_035784.1	57132942	57135149	0
NC_035784.1	57140176	57140178	-50	NC_035784.1	57135167	57143236	0
NC_035784.1	57163870	57163872	-63	NC_035784.1	57162759	57168910	0
NC_035784.1	57514692	57514694	53	NC_035784.1	57514435	57515296	0
NC_035784.1	58701601	58701603	53	NC_035784.1	58698854	58724011	0
NC_035784.1	59002731	59002733	54	NC_035784.1	58983211	59008652	0
NC_035784.1	59129086	59129088	69	NC_035784.1	59119763	59137306	0
NC_035784.1	59312759	59312761	-50	NC_035784.1	59310375	59313046	0
NC_035784.1	59387900	59387902	-67	NC_035784.1	59387065	59388876	0
NC_035784.1	59679678	59679680	61	NC_035784.1	59665352	59718227	0
NC_035784.1	60464771	60464773	60	NC_035784.1	60463708	60470404	0
NC_035784.1	60466858	60466860	51	NC_035784.1	60463708	60470404	0
NC_035784.1	61208183	61208185	52	NC_035784.1	61199707	61211567	0
NC_035784.1	61728078	61728080	58	NC_035784.1	61720640	61741559	0
NC_035784.1	64469387	64469389	-55	NC_035784.1	64450891	64473637	0
NC_035784.1	65591166	65591168	52	NC_035784.1	65572470	65599973	0
NC_035784.1	65591166	65591168	52	NC_035784.1	65584876	65613117	0
NC_035784.1	65903450	65903452	-51	NC_035784.1	65892981	65914112	0
NC_035784.1	67943441	67943443	-58	NC_035784.1	67925295	67944012	0
NC_035784.1	67990332	67990334	53	NC_035784.1	67981115	67994556	0
NC_035784.1	67991198	67991200	65	NC_035784.1	67981115	67994556	0
NC_035784.1	68693107	68693109	-58	NC_035784.1	68652998	68721088	0
NC_035784.1	69554490	69554492	-72	NC_035784.1	69540157	69562366	0
NC_035784.1	75291846	75291848	-75	NC_035784.1	75269145	75335182	0
NC_035784.1	75314857	75314859	-51	NC_035784.1	75269145	75335182	0
NC_035784.1	76218382	76218384	63	NC_035784.1	76212133	76220093	0
NC_035784.1	79293414	79293416	55	NC_035784.1	79289210	79294705	0
NC_035784.1	79841166	79841168	51	NC_035784.1	79823553	79844002	0
NC_035784.1	81666532	81666534	-65	NC_035784.1	81666563	81688784	30
NC_035784.1	81784751	81784753	51	NC_035784.1	81781847	81792574	0
NC_035784.1	82092355	82092357	-51	NC_035784.1	82033148	82118417	0
NC_035784.1	82101045	82101047	51	NC_035784.1	82033148	82118417	0
NC_035784.1	82548250	82548252	-57	NC_035784.1	82518183	82566248	0
NC_035784.1	84951457	84951459	-52	NC_035784.1	84938973	84979594	0
NC_035784.1	84951457	84951459	-52	NC_035784.1	84945597	84958656	0
NC_035784.1	85967658	85967660	-58	NC_035784.1	85931610	86013571	0
NC_035784.1	86309404	86309406	-50	NC_035784.1	86307820	86345109	0
NC_035784.1	87735300	87735302	55	NC_035784.1	87729349	87738384	0
NC_035784.1	87874188	87874190	52	NC_035784.1	87859893	87957463	0
NC_035784.1	88305440	88305442	52	NC_035784.1	88303139	88333348	0
NC_035784.1	88794179	88794181	-64	NC_035784.1	88789880	88796311	0
NC_035784.1	89193226	89193228	60	NC_035784.1	89190839	89199277	0
NC_035784.1	89193226	89193228	60	NC_035784.1	89190938	89213425	0
NC_035784.1	89588289	89588291	52	NC_035784.1	89576549	89608843	0
NC_035784.1	90457416	90457418	-80	NC_035784.1	90431725	90460718	0
NC_035784.1	90812484	90812486	51	NC_035784.1	90808912	90817332	0
NC_035784.1	90909622	90909624	-65	NC_035784.1	90890314	90921082	0
NC_035784.1	91582932	91582934	-53	NC_035784.1	91574915	91584275	0
NC_035784.1	92841543	92841545	-56	NC_035784.1	92841546	92852879	2
NC_035784.1	94932867	94932869	51	NC_035784.1	94929877	95024359	0
NC_035784.1	95098213	95098215	-50	NC_035784.1	95090831	95100453	0
NC_035784.1	96107106	96107108	53	NC_035784.1	96086825	96130827	0
NC_035784.1	96552800	96552802	50	NC_035784.1	96544978	96559193	0
NC_035784.1	97120640	97120642	54	NC_035784.1	97114270	97178206	0
NC_035784.1	97250745	97250747	52	NC_035784.1	97237705	97295370	0
NC_035785.1	4685165	4685167	74	NC_035785.1	4675579	4759531	0
NC_035785.1	4744967	4744969	60	NC_035785.1	4675579	4759531	0
NC_035785.1	8268552	8268554	-55	NC_035785.1	8265503	8290356	0
NC_035785.1	11013150	11013152	-52	NC_035785.1	10987147	11028325	0
NC_035785.1	11013150	11013152	-52	NC_035785.1	11002100	11029767	0
NC_035785.1	12703931	12703933	56	NC_035785.1	12689829	12707130	0
NC_035785.1	14156207	14156209	64	NC_035785.1	14151987	14158497	0
NC_035785.1	14351204	14351206	54	NC_035785.1	14333633	14360004	0
NC_035785.1	14598066	14598068	55	NC_035785.1	14396222	14899936	0
NC_035785.1	14598066	14598068	55	NC_035785.1	14500082	14609918	0
NC_035785.1	14598066	14598068	55	NC_035785.1	14557179	14699936	0
NC_035785.1	14598066	14598068	55	NC_035785.1	14568598	14598217	0
NC_035785.1	16944852	16944854	59	NC_035785.1	16892350	16983036	0
NC_035785.1	16944852	16944854	59	NC_035785.1	16942230	17003991	0
NC_035785.1	17356834	17356836	58	NC_035785.1	17357174	17384084	339
NC_035785.1	29830587	29830589	54	NC_035785.1	29825989	29846345	0
NC_035785.1	31238802	31238804	59	NC_035785.1	31231697	31238138	-665
NC_035785.1	31878919	31878921	-57	NC_035785.1	31870553	31885515	0
NC_035785.1	32529155	32529157	-50	NC_035785.1	32529826	32565231	670
NC_035785.1	33207617	33207619	51	NC_035785.1	33197236	33208933	0
NC_035785.1	35798191	35798193	-52	NC_035785.1	35793738	35807106	0
NC_035785.1	41843041	41843043	-55	NC_035785.1	41837564	41859557	0
NC_035785.1	43783767	43783769	55	NC_035785.1	43781627	43784995	0
NC_035786.1	4921575	4921577	-57	NC_035786.1	4891277	4928300	0
NC_035786.1	8624213	8624215	60	NC_035786.1	8622458	8628493	0
NC_035786.1	9998394	9998396	52	NC_035786.1	9967088	10001334	0
NC_035786.1	11897414	11897416	56	NC_035786.1	11859094	11919772	0
NC_035786.1	13808095	13808097	63	NC_035786.1	13806661	13820689	0
NC_035786.1	14799931	14799933	-64	NC_035786.1	14777159	14796623	-3309
NC_035786.1	18065665	18065667	50	NC_035786.1	18064204	18066817	0
NC_035786.1	29945221	29945223	54	NC_035786.1	29902200	30006276	0
NC_035786.1	33053638	33053640	50	NC_035786.1	33050856	33054269	0
NC_035786.1	33817805	33817807	55	NC_035786.1	33804868	33822453	0
NC_035786.1	34083838	34083840	-59	NC_035786.1	34082847	34092601	0
NC_035786.1	34109667	34109669	66	NC_035786.1	34104347	34129158	0
NC_035786.1	34368874	34368876	-51	NC_035786.1	34326382	34384923	0
NC_035786.1	38651248	38651250	-50	NC_035786.1	38638177	38679437	0
NC_035786.1	38653051	38653053	53	NC_035786.1	38638177	38679437	0
NC_035786.1	40104348	40104350	62	NC_035786.1	40101110	40118773	0
NC_035786.1	41487753	41487755	-51	NC_035786.1	41477729	41498182	0
NC_035786.1	41487757	41487759	-67	NC_035786.1	41477729	41498182	0
NC_035786.1	41491819	41491821	50	NC_035786.1	41477729	41498182	0
NC_035786.1	41858571	41858573	-50	NC_035786.1	41850385	41933795	0
NC_035786.1	42150386	42150388	-51	NC_035786.1	42139346	42157176	0
NC_035786.1	42411776	42411778	-64	NC_035786.1	42358035	42415196	0
NC_035786.1	42414569	42414571	56	NC_035786.1	42358035	42415196	0
NC_035786.1	42447008	42447010	-61	NC_035786.1	42444156	42451614	0
NC_035786.1	42515699	42515701	52	NC_035786.1	42515396	42536006	0
NC_035786.1	42548090	42548092	50	NC_035786.1	42545158	42557307	0
NC_035786.1	42612849	42612851	56	NC_035786.1	42559220	42637290	0
NC_035786.1	42612849	42612851	56	NC_035786.1	42602824	42623146	0
NC_035786.1	43235781	43235783	-53	NC_035786.1	43223100	43243031	0
NC_035786.1	43236837	43236839	-53	NC_035786.1	43223100	43243031	0
NC_035786.1	43256645	43256647	-59	NC_035786.1	43246586	43275815	0
NC_035786.1	49056851	49056853	-57	NC_035786.1	49055558	49058674	0
NC_035786.1	50905232	50905234	50	NC_035786.1	50882255	50913293	0
NC_035786.1	53586488	53586490	-51	NC_035786.1	53578807	53596609	0
NC_035786.1	57121446	57121448	56	NC_035786.1	57110976	57153659	0
NC_035787.1	2052510	2052512	55	NC_035787.1	2049675	2060724	0
NC_035787.1	7855102	7855104	-51	NC_035787.1	7842025	7860974	0
NC_035787.1	7855120	7855122	-63	NC_035787.1	7842025	7860974	0
NC_035787.1	8607355	8607357	50	NC_035787.1	8604926	8619789	0
NC_035787.1	8650892	8650894	-50	NC_035787.1	8648170	8660309	0
NC_035787.1	14736343	14736345	56	NC_035787.1	14733297	14739193	0
NC_035787.1	18018536	18018538	52	NC_035787.1	17998351	18020188	0
NC_035787.1	19062109	19062111	-51	NC_035787.1	19059001	19065842	0
NC_035787.1	23056762	23056764	-55	NC_035787.1	23055774	23063272	0
NC_035787.1	26136336	26136338	-58	NC_035787.1	26130809	26168781	0
NC_035787.1	26805833	26805835	67	NC_035787.1	26800815	26823451	0
NC_035787.1	35987931	35987933	-68	NC_035787.1	35954802	36009134	0
NC_035787.1	36929767	36929769	58	NC_035787.1	36869826	36951154	0
NC_035787.1	40995376	40995378	69	NC_035787.1	40994302	40997974	0
NC_035787.1	41010273	41010275	52	NC_035787.1	41008698	41047839	0
NC_035787.1	42603398	42603400	57	NC_035787.1	42622580	42671860	19181
NC_035787.1	42755937	42755939	-54	NC_035787.1	42757110	42800682	1172
NC_035787.1	43903510	43903512	-52	NC_035787.1	43892282	43974434	0
NC_035787.1	44016221	44016223	70	NC_035787.1	43994595	44009778	-6444
NC_035787.1	44144692	44144694	50	NC_035787.1	44143790	44147653	0
NC_035787.1	45643698	45643700	-54	NC_035787.1	45623584	45649888	0
NC_035787.1	45654370	45654372	52	NC_035787.1	45652331	45665579	0
NC_035787.1	45658936	45658938	-56	NC_035787.1	45652331	45665579	0
NC_035787.1	45660028	45660030	-57	NC_035787.1	45652331	45665579	0
NC_035787.1	46132617	46132619	-52	NC_035787.1	46123112	46135120	0
NC_035787.1	47224356	47224358	-50	NC_035787.1	47219704	47228362	0
NC_035787.1	47281092	47281094	50	NC_035787.1	47281162	47285442	69
NC_035787.1	47787950	47787952	-63	NC_035787.1	47782341	47835455	0
NC_035787.1	47990101	47990103	-68	NC_035787.1	47984462	47992940	0
NC_035787.1	48000627	48000629	-54	NC_035787.1	48000153	48002428	0
NC_035787.1	48392396	48392398	-51	NC_035787.1	48329451	48401732	0
NC_035787.1	51474326	51474328	-55	NC_035787.1	51454419	51481044	0
NC_035787.1	52112610	52112612	-51	NC_035787.1	52108337	52115901	0
NC_035787.1	52788269	52788271	-65	NC_035787.1	52761565	52823185	0
NC_035787.1	53342424	53342426	-57	NC_035787.1	53306006	53379270	0
NC_035787.1	53514333	53514335	52	NC_035787.1	53489603	53537125	0
NC_035787.1	53528804	53528806	63	NC_035787.1	53489603	53537125	0
NC_035787.1	54271741	54271743	-58	NC_035787.1	54247634	54275236	0
NC_035787.1	54652599	54652601	60	NC_035787.1	54648214	54665684	0
NC_035787.1	55630869	55630871	-59	NC_035787.1	55623162	55631418	0
NC_035787.1	55858947	55858949	50	NC_035787.1	55858445	55866337	0
NC_035787.1	55930618	55930620	52	NC_035787.1	55931409	55953339	790
NC_035787.1	55936731	55936733	-50	NC_035787.1	55931409	55953339	0
NC_035787.1	56242010	56242012	-51	NC_035787.1	56224028	56287563	0
NC_035787.1	56264362	56264364	63	NC_035787.1	56224028	56287563	0
NC_035787.1	59103898	59103900	-53	NC_035787.1	59102998	59105345	0
NC_035787.1	59147923	59147925	-50	NC_035787.1	59147405	59151228	0
NC_035787.1	59175630	59175632	62	NC_035787.1	59151427	59195113	0
NC_035787.1	59176225	59176227	-61	NC_035787.1	59151427	59195113	0
NC_035787.1	59437352	59437354	-58	NC_035787.1	59430439	59438191	0
NC_035787.1	60366842	60366844	-51	NC_035787.1	60361992	60369635	0
NC_035787.1	61149801	61149803	-53	NC_035787.1	61140288	61162853	0
NC_035787.1	61702194	61702196	52	NC_035787.1	61676869	61793257	0
NC_035787.1	61910996	61910998	-59	NC_035787.1	61909899	61923688	0
NC_035787.1	61911189	61911191	-50	NC_035787.1	61909899	61923688	0
NC_035787.1	63698646	63698648	55	NC_035787.1	63696187	63708962	0
NC_035787.1	64163921	64163923	56	NC_035787.1	64152917	64164999	0
NC_035787.1	64163923	64163925	51	NC_035787.1	64152917	64164999	0
NC_035787.1	64479021	64479023	61	NC_035787.1	64432286	64482974	0
NC_035787.1	69040756	69040758	51	NC_035787.1	69028923	69046820	0
NC_035787.1	69874029	69874031	-59	NC_035787.1	69868997	69893822	0
NC_035787.1	70578758	70578760	-54	NC_035787.1	70567328	70585564	0
NC_035787.1	72586548	72586550	52	NC_035787.1	72583083	72591011	0
NC_035787.1	72590356	72590358	63	NC_035787.1	72583083	72591011	0
NC_035787.1	73255302	73255304	64	NC_035787.1	73253758	73262705	0
NC_035787.1	73806756	73806758	-50	NC_035787.1	73798650	73819605	0
NC_035787.1	74014234	74014236	-59	NC_035787.1	73997590	74015655	0
NC_035787.1	75185537	75185539	54	NC_035787.1	75177811	75191492	0
NC_035788.1	3144297	3144299	50	NC_035788.1	3142933	3152759	0
NC_035788.1	11940134	11940136	52	NC_035788.1	11938503	11987101	0
NC_035788.1	11942446	11942448	-66	NC_035788.1	11938503	11987101	0
NC_035788.1	13021323	13021325	57	NC_035788.1	12973932	13040233	0
NC_035788.1	18651924	18651926	51	NC_035788.1	18644084	18653046	0
NC_035788.1	20566858	20566860	-62	NC_035788.1	20563189	20570725	0
NC_035788.1	22718206	22718208	63	NC_035788.1	22709502	22730090	0
NC_035788.1	26653090	26653092	-67	NC_035788.1	26647338	26672569	0
NC_035788.1	46203996	46203998	-59	NC_035788.1	46167547	46238245	0
NC_035788.1	46234973	46234975	-83	NC_035788.1	46167547	46238245	0
NC_035788.1	46282476	46282478	50	NC_035788.1	46257229	46296850	0
NC_035788.1	48218753	48218755	58	NC_035788.1	48168811	48223066	0
NC_035788.1	48520658	48520660	51	NC_035788.1	48481134	48611604	0
NC_035788.1	48523419	48523421	57	NC_035788.1	48481134	48611604	0
NC_035788.1	48576353	48576355	55	NC_035788.1	48481134	48611604	0
NC_035788.1	49531182	49531184	58	NC_035788.1	49525827	49554137	0
NC_035788.1	51732938	51732940	57	NC_035788.1	51725921	51742010	0
NC_035788.1	53499669	53499671	57	NC_035788.1	53494081	53541206	0
NC_035788.1	56052703	56052705	-73	NC_035788.1	56049263	56055305	0
NC_035788.1	56054092	56054094	-55	NC_035788.1	56049263	56055305	0
NC_035788.1	56054101	56054103	-56	NC_035788.1	56049263	56055305	0
NC_035788.1	56054535	56054537	-51	NC_035788.1	56049263	56055305	0
NC_035788.1	56154690	56154692	54	NC_035788.1	56151820	56175438	0
NC_035788.1	56161204	56161206	51	NC_035788.1	56151820	56175438	0
NC_035788.1	56304983	56304985	57	NC_035788.1	56298939	56305688	0
NC_035788.1	59007351	59007353	-53	NC_035788.1	58986221	59021433	0
NC_035788.1	59053241	59053243	73	NC_035788.1	59032430	59091607	0
NC_035788.1	59053337	59053339	60	NC_035788.1	59032430	59091607	0
NC_035788.1	64582353	64582355	-68	NC_035788.1	64568441	64651567	0
NC_035788.1	65572754	65572756	51	NC_035788.1	65570776	65573162	0
NC_035788.1	65573006	65573008	51	NC_035788.1	65570776	65573162	0
NC_035788.1	65579240	65579242	-56	NC_035788.1	65575879	65591870	0
NC_035788.1	65581767	65581769	-70	NC_035788.1	65575879	65591870	0
NC_035788.1	65581782	65581784	-74	NC_035788.1	65575879	65591870	0
NC_035788.1	66163901	66163903	58	NC_035788.1	66162112	66172708	0
NC_035788.1	66170050	66170052	-63	NC_035788.1	66162112	66172708	0
NC_035788.1	66989251	66989253	54	NC_035788.1	66968589	66993270	0
NC_035788.1	67025454	67025456	-56	NC_035788.1	67004372	67026708	0
NC_035788.1	67025454	67025456	-56	NC_035788.1	67021342	67035955	0
NC_035788.1	68202687	68202689	-50	NC_035788.1	68198877	68214604	0
NC_035788.1	70228504	70228506	54	NC_035788.1	70211837	70239366	0
NC_035788.1	70231741	70231743	52	NC_035788.1	70211837	70239366	0
NC_035788.1	70761661	70761663	55	NC_035788.1	70746053	70768185	0
NC_035788.1	70996375	70996377	68	NC_035788.1	70981163	71001507	0
NC_035788.1	71239721	71239723	53	NC_035788.1	71232540	71243259	0
NC_035788.1	71420685	71420687	-59	NC_035788.1	71415422	71426642	0
NC_035788.1	71421195	71421197	-58	NC_035788.1	71415422	71426642	0
NC_035788.1	71422114	71422116	-64	NC_035788.1	71415422	71426642	0
NC_035788.1	75693189	75693191	53	NC_035788.1	75688023	75696061	0
NC_035788.1	76059469	76059471	-50	NC_035788.1	76053156	76075842	0
NC_035788.1	76059472	76059474	-68	NC_035788.1	76053156	76075842	0
NC_035788.1	76194268	76194270	51	NC_035788.1	76186897	76239777	0
NC_035788.1	76194281	76194283	50	NC_035788.1	76186897	76239777	0
NC_035788.1	76583487	76583489	-58	NC_035788.1	76558450	76602357	0
NC_035788.1	77344601	77344603	54	NC_035788.1	77341259	77354776	0
NC_035788.1	78353418	78353420	-75	NC_035788.1	78339482	78350467	-2952
NC_035788.1	80521352	80521354	61	NC_035788.1	80508899	80523048	0
NC_035788.1	90709051	90709053	-54	NC_035788.1	90649392	90725240	0
NC_035788.1	92754573	92754575	60	NC_035788.1	92753957	92755796	0
NC_035788.1	92760343	92760345	-53	NC_035788.1	92756011	92763326	0
NC_035788.1	99540196	99540198	51	NC_035788.1	99387229	99793015	0
NC_035788.1	99540196	99540198	51	NC_035788.1	99499601	99569489	0
NC_035789.1	1152812	1152814	-61	NC_035789.1	821514	1211632	0
NC_035789.1	1152812	1152814	-61	NC_035789.1	1136014	1175392	0
NC_035789.1	4916414	4916416	53	NC_035789.1	4914695	4938614	0
NC_035789.1	5560270	5560272	-51	NC_035789.1	5554140	5567021	0
NC_035789.1	7302117	7302119	-50	NC_035789.1	7285553	7312221	0
NC_035789.1	7947063	7947065	57	NC_035789.1	7946826	7997902	0
NC_035789.1	9432286	9432288	-51	NC_035789.1	9427924	9439218	0
NC_035789.1	9445653	9445655	-65	NC_035789.1	9441023	9449753	0
NC_035789.1	10721393	10721395	55	NC_035789.1	10698678	10726685	0
NC_035789.1	23133845	23133847	-51	NC_035789.1	23046996	23139360	0
NC_035789.1	25054245	25054247	56	NC_035789.1	25050927	25052852	-1394
