NC_035780.1	571138	571140	58	NC_035780.1	570942	571194
NC_035780.1	2538924	2538926	-50	NC_035780.1	2538624	2538955
NC_035780.1	2586508	2586510	-53	NC_035780.1	2586438	2586557
NC_035780.1	2589720	2589722	57	NC_035780.1	2589716	2589955
NC_035780.1	4286286	4286288	67	NC_035780.1	4286174	4286407
NC_035780.1	4286802	4286804	-62	NC_035780.1	4286783	4286927
NC_035780.1	4289628	4289630	-52	NC_035780.1	4288592	4290756
NC_035780.1	8693287	8693289	-52	NC_035780.1	8692509	8693320
NC_035780.1	9110274	9110276	-63	NC_035780.1	9109982	9111843
NC_035780.1	12631453	12631455	60	NC_035780.1	12630576	12631487
NC_035780.1	12631453	12631455	60	NC_035780.1	12630576	12631487
NC_035780.1	12631453	12631455	60	NC_035780.1	12630577	12631487
NC_035780.1	12631453	12631455	60	NC_035780.1	12630577	12631487
NC_035780.1	15412264	15412266	50	NC_035780.1	15412219	15412410
NC_035780.1	15412264	15412266	50	NC_035780.1	15412219	15412410
NC_035780.1	15414935	15414936	51	NC_035780.1	15414935	15415225
NC_035780.1	15414935	15414936	51	NC_035780.1	15414935	15415225
NC_035780.1	17093218	17093220	-52	NC_035780.1	17092983	17093548
NC_035780.1	19149580	19149582	-61	NC_035780.1	19149513	19149749
NC_035780.1	19149580	19149582	-61	NC_035780.1	19149513	19149749
NC_035780.1	19149580	19149582	-61	NC_035780.1	19149513	19150486
NC_035780.1	19482568	19482570	56	NC_035780.1	19482445	19482591
NC_035780.1	19968152	19968154	-60	NC_035780.1	19967534	19968185
NC_035780.1	22276726	22276728	55	NC_035780.1	22275427	22278631
NC_035780.1	22276726	22276728	55	NC_035780.1	22275427	22278631
NC_035780.1	24227052	24227054	79	NC_035780.1	24226996	24227178
NC_035780.1	24258094	24258096	-50	NC_035780.1	24257675	24259293
NC_035780.1	26676903	26676905	-61	NC_035780.1	26676812	26677063
NC_035780.1	26676903	26676905	-61	NC_035780.1	26676812	26677063
NC_035780.1	26676903	26676905	-61	NC_035780.1	26676812	26677063
NC_035780.1	26676903	26676905	-61	NC_035780.1	26676812	26677063
NC_035780.1	26676903	26676905	-61	NC_035780.1	26676812	26677063
NC_035780.1	26676903	26676905	-61	NC_035780.1	26676812	26677063
NC_035780.1	26676903	26676905	-61	NC_035780.1	26676812	26677063
NC_035780.1	26676903	26676905	-61	NC_035780.1	26676812	26677063
NC_035780.1	26676903	26676905	-61	NC_035780.1	26676812	26677063
NC_035780.1	26676903	26676905	-61	NC_035780.1	26676812	26677063
NC_035780.1	26676903	26676905	-61	NC_035780.1	26676812	26677063
NC_035780.1	26676903	26676905	-61	NC_035780.1	26676812	26677063
NC_035780.1	26676903	26676905	-61	NC_035780.1	26676812	26677063
NC_035780.1	26676903	26676905	-61	NC_035780.1	26676812	26677063
NC_035780.1	26676903	26676905	-61	NC_035780.1	26676812	26677063
NC_035780.1	26676903	26676905	-61	NC_035780.1	26676812	26677063
NC_035780.1	26676903	26676905	-61	NC_035780.1	26676812	26677063
NC_035780.1	26676903	26676905	-61	NC_035780.1	26676812	26677063
NC_035780.1	26676903	26676905	-61	NC_035780.1	26676812	26677063
NC_035780.1	26676903	26676905	-61	NC_035780.1	26676812	26677063
NC_035780.1	26676903	26676905	-61	NC_035780.1	26676812	26677063
NC_035780.1	26676903	26676905	-61	NC_035780.1	26676812	26677063
NC_035780.1	26676903	26676905	-61	NC_035780.1	26676812	26677063
NC_035780.1	27482716	27482718	52	NC_035780.1	27482679	27482837
NC_035780.1	28493519	28493521	-53	NC_035780.1	28493451	28493622
NC_035780.1	28493519	28493521	-53	NC_035780.1	28493451	28493622
NC_035780.1	28493519	28493521	-53	NC_035780.1	28493451	28493622
NC_035780.1	28739472	28739474	62	NC_035780.1	28739323	28739613
NC_035780.1	28739472	28739474	62	NC_035780.1	28739323	28739613
NC_035780.1	28739472	28739474	62	NC_035780.1	28739323	28739613
NC_035780.1	30150623	30150625	-55	NC_035780.1	30150523	30150661
NC_035780.1	30150623	30150625	-55	NC_035780.1	30150523	30150661
NC_035780.1	30150623	30150625	-55	NC_035780.1	30150523	30150661
NC_035780.1	30150623	30150625	-55	NC_035780.1	30150523	30150661
NC_035780.1	31303159	31303161	-58	NC_035780.1	31303152	31303292
NC_035780.1	31303207	31303209	-60	NC_035780.1	31303152	31303292
NC_035780.1	32447267	32447269	63	NC_035780.1	32447206	32447334
NC_035780.1	32787976	32787978	-60	NC_035780.1	32787165	32788542
NC_035780.1	32787976	32787978	-60	NC_035780.1	32787165	32788542
NC_035780.1	32787976	32787978	-60	NC_035780.1	32787165	32788542
NC_035780.1	32787976	32787978	-60	NC_035780.1	32787165	32788542
NC_035780.1	32787976	32787978	-60	NC_035780.1	32787165	32788542
NC_035780.1	32787976	32787978	-60	NC_035780.1	32787165	32788542
NC_035780.1	32787976	32787978	-60	NC_035780.1	32787165	32788542
NC_035780.1	32787976	32787978	-60	NC_035780.1	32787165	32788542
NC_035780.1	32787976	32787978	-60	NC_035780.1	32787165	32788542
NC_035780.1	32787976	32787978	-60	NC_035780.1	32787165	32788542
NC_035780.1	38002468	38002470	-57	NC_035780.1	38000541	38002695
NC_035780.1	38014597	38014599	-50	NC_035780.1	38014420	38014729
NC_035780.1	38014597	38014599	-50	NC_035780.1	38014420	38014729
NC_035780.1	38085952	38085954	59	NC_035780.1	38085866	38085992
NC_035780.1	38132128	38132130	55	NC_035780.1	38132002	38132151
NC_035780.1	38132128	38132130	55	NC_035780.1	38132002	38132151
NC_035780.1	43027588	43027590	50	NC_035780.1	43027370	43027600
NC_035780.1	43327056	43327058	50	NC_035780.1	43326871	43327160
NC_035780.1	43327056	43327058	50	NC_035780.1	43326871	43327160
NC_035780.1	48165057	48165059	72	NC_035780.1	48164993	48165130
NC_035780.1	49916825	49916827	-52	NC_035780.1	49916786	49916979
NC_035780.1	54074030	54074032	-52	NC_035780.1	54072161	54076384
NC_035780.1	54074030	54074032	-52	NC_035780.1	54072161	54076384
NC_035780.1	54074030	54074032	-52	NC_035780.1	54072161	54076384
NC_035780.1	54074030	54074032	-52	NC_035780.1	54072161	54076384
NC_035780.1	54074030	54074032	-52	NC_035780.1	54072161	54076384
NC_035780.1	54074030	54074032	-52	NC_035780.1	54072161	54076384
NC_035780.1	54074030	54074032	-52	NC_035780.1	54072161	54076384
NC_035780.1	54211052	54211054	-62	NC_035780.1	54210971	54211162
NC_035780.1	55484705	55484707	-52	NC_035780.1	55484579	55484919
NC_035780.1	60359486	60359488	65	NC_035780.1	60359240	60359630
NC_035780.1	62750217	62750219	53	NC_035780.1	62750178	62750429
NC_035780.1	62782868	62782870	-50	NC_035780.1	62782792	62782981
NC_035781.1	631899	631901	-57	NC_035781.1	631770	631945
NC_035781.1	631899	631901	-57	NC_035781.1	631770	631945
NC_035781.1	783409	783411	-50	NC_035781.1	783299	783466
NC_035781.1	783409	783411	-50	NC_035781.1	783299	783466
NC_035781.1	783409	783411	-50	NC_035781.1	783299	783466
NC_035781.1	2169468	2169470	-58	NC_035781.1	2169440	2169527
NC_035781.1	2169468	2169470	-58	NC_035781.1	2169440	2169527
NC_035781.1	2277404	2277406	57	NC_035781.1	2277369	2277525
NC_035781.1	2383028	2383030	67	NC_035781.1	2382987	2383070
NC_035781.1	2454890	2454892	-50	NC_035781.1	2454727	2454983
NC_035781.1	5035159	5035161	-51	NC_035781.1	5035150	5035290
NC_035781.1	5386447	5386449	50	NC_035781.1	5386310	5386493
NC_035781.1	5386447	5386449	50	NC_035781.1	5386310	5386493
NC_035781.1	5648771	5648773	-55	NC_035781.1	5648680	5648862
NC_035781.1	5652041	5652043	63	NC_035781.1	5652014	5653179
NC_035781.1	5928086	5928088	52	NC_035781.1	5928063	5928251
NC_035781.1	7609505	7609507	57	NC_035781.1	7609473	7609659
NC_035781.1	7626510	7626512	-56	NC_035781.1	7626417	7626546
NC_035781.1	8787455	8787457	55	NC_035781.1	8787349	8787549
NC_035781.1	9369563	9369565	51	NC_035781.1	9367760	9370346
NC_035781.1	10383010	10383012	-58	NC_035781.1	10382959	10383157
NC_035781.1	10427419	10427421	56	NC_035781.1	10426277	10429267
NC_035781.1	10427419	10427421	56	NC_035781.1	10426277	10429267
NC_035781.1	10427419	10427421	56	NC_035781.1	10426277	10429267
NC_035781.1	10427419	10427421	56	NC_035781.1	10426277	10429267
NC_035781.1	10427419	10427421	56	NC_035781.1	10426277	10429267
NC_035781.1	10427419	10427421	56	NC_035781.1	10426277	10429267
NC_035781.1	10427419	10427421	56	NC_035781.1	10426277	10429267
NC_035781.1	10427642	10427644	63	NC_035781.1	10426277	10429267
NC_035781.1	10427642	10427644	63	NC_035781.1	10426277	10429267
NC_035781.1	10427642	10427644	63	NC_035781.1	10426277	10429267
NC_035781.1	10427642	10427644	63	NC_035781.1	10426277	10429267
NC_035781.1	10427642	10427644	63	NC_035781.1	10426277	10429267
NC_035781.1	10427642	10427644	63	NC_035781.1	10426277	10429267
NC_035781.1	10427642	10427644	63	NC_035781.1	10426277	10429267
NC_035781.1	13033010	13033012	-63	NC_035781.1	13032962	13033096
NC_035781.1	20126029	20126031	-52	NC_035781.1	20125936	20126403
NC_035781.1	22901072	22901074	54	NC_035781.1	22900990	22901109
NC_035781.1	22901072	22901074	54	NC_035781.1	22900990	22901109
NC_035781.1	23710326	23710328	-54	NC_035781.1	23710157	23710345
NC_035781.1	23710326	23710328	-54	NC_035781.1	23710157	23710345
NC_035781.1	23710326	23710328	-54	NC_035781.1	23710157	23710345
NC_035781.1	23710326	23710328	-54	NC_035781.1	23710157	23710345
NC_035781.1	23710326	23710328	-54	NC_035781.1	23710157	23710345
NC_035781.1	23710326	23710328	-54	NC_035781.1	23710157	23710345
NC_035781.1	23710326	23710328	-54	NC_035781.1	23710157	23710345
NC_035781.1	24354115	24354117	-51	NC_035781.1	24354036	24354224
NC_035781.1	28992818	28992820	52	NC_035781.1	28992550	28993192
NC_035781.1	30153250	30153252	51	NC_035781.1	30152785	30153264
NC_035781.1	30488984	30488986	51	NC_035781.1	30488934	30490287
NC_035781.1	30789623	30789625	-57	NC_035781.1	30789514	30790310
NC_035781.1	30803513	30803515	-54	NC_035781.1	30803497	30804813
NC_035781.1	30827585	30827587	55	NC_035781.1	30824874	30828743
NC_035781.1	32146059	32146061	52	NC_035781.1	32145960	32146075
NC_035781.1	32146059	32146061	52	NC_035781.1	32145960	32146075
NC_035781.1	32146059	32146061	52	NC_035781.1	32145960	32146075
NC_035781.1	43563161	43563163	56	NC_035781.1	43563008	43563205
NC_035781.1	43563161	43563163	56	NC_035781.1	43563008	43563205
NC_035781.1	43563161	43563163	56	NC_035781.1	43563008	43563205
NC_035781.1	44165242	44165244	-53	NC_035781.1	44165164	44165322
NC_035781.1	44165242	44165244	-53	NC_035781.1	44165164	44165322
NC_035781.1	45110112	45110114	73	NC_035781.1	45109859	45110157
NC_035781.1	47331062	47331064	-56	NC_035781.1	47330694	47331317
NC_035781.1	49178842	49178844	-51	NC_035781.1	49178815	49178963
NC_035781.1	53358848	53358850	-55	NC_035781.1	53358815	53358971
NC_035781.1	53358848	53358850	-55	NC_035781.1	53358815	53358971
NC_035781.1	53674857	53674859	68	NC_035781.1	53674796	53674870
NC_035781.1	53674857	53674859	68	NC_035781.1	53674796	53674870
NC_035781.1	54715613	54715615	56	NC_035781.1	54715459	54715642
NC_035781.1	54715613	54715615	56	NC_035781.1	54715459	54715642
NC_035781.1	54737383	54737385	56	NC_035781.1	54736644	54737389
NC_035781.1	54790379	54790381	61	NC_035781.1	54790185	54790385
NC_035781.1	56224734	56224736	58	NC_035781.1	56224689	56224823
NC_035781.1	56224734	56224736	58	NC_035781.1	56224689	56224823
NC_035781.1	56224734	56224736	58	NC_035781.1	56224689	56224823
NC_035781.1	56224734	56224736	58	NC_035781.1	56224689	56224823
NC_035781.1	56224734	56224736	58	NC_035781.1	56224689	56224823
NC_035781.1	56224734	56224736	58	NC_035781.1	56224689	56224823
NC_035781.1	56224734	56224736	58	NC_035781.1	56224689	56224823
NC_035781.1	57902071	57902073	-51	NC_035781.1	57901852	57902104
NC_035781.1	57902071	57902073	-51	NC_035781.1	57901852	57902104
NC_035781.1	57902071	57902073	-51	NC_035781.1	57901852	57902104
NC_035781.1	57902071	57902073	-51	NC_035781.1	57901852	57902104
NC_035781.1	57902071	57902073	-51	NC_035781.1	57901852	57902104
NC_035781.1	57902071	57902073	-51	NC_035781.1	57901852	57902104
NC_035781.1	57902071	57902073	-51	NC_035781.1	57901852	57902104
NC_035781.1	59274788	59274790	51	NC_035781.1	59274688	59274798
NC_035781.1	59590229	59590231	51	NC_035781.1	59590198	59590330
NC_035781.1	59590229	59590231	51	NC_035781.1	59590198	59590330
NC_035781.1	59590229	59590231	51	NC_035781.1	59590198	59590330
NC_035781.1	59716717	59716719	54	NC_035781.1	59716492	59716758
NC_035781.1	59717177	59717179	56	NC_035781.1	59717134	59717251
NC_035782.1	3352881	3352883	56	NC_035782.1	3351009	3353234
NC_035782.1	3352881	3352883	56	NC_035782.1	3351009	3353234
NC_035782.1	3352881	3352883	56	NC_035782.1	3351009	3353234
NC_035782.1	3352881	3352883	56	NC_035782.1	3351009	3353234
NC_035782.1	3352881	3352883	56	NC_035782.1	3351009	3353234
NC_035782.1	3352881	3352883	56	NC_035782.1	3351009	3353234
NC_035782.1	4508265	4508267	-50	NC_035782.1	4506640	4508824
NC_035782.1	4508265	4508267	-50	NC_035782.1	4508192	4508313
NC_035782.1	6260447	6260449	-54	NC_035782.1	6259665	6260533
NC_035782.1	6260447	6260449	-54	NC_035782.1	6259665	6260533
NC_035782.1	6425688	6425690	55	NC_035782.1	6425552	6425691
NC_035782.1	6686535	6686537	-55	NC_035782.1	6685983	6686642
NC_035782.1	8707637	8707639	52	NC_035782.1	8707591	8707827
NC_035782.1	8707637	8707639	52	NC_035782.1	8707591	8707827
NC_035782.1	8707637	8707639	52	NC_035782.1	8707591	8707827
NC_035782.1	8707637	8707639	52	NC_035782.1	8707591	8707827
NC_035782.1	8707637	8707639	52	NC_035782.1	8707591	8707827
NC_035782.1	8707637	8707639	52	NC_035782.1	8707591	8707827
NC_035782.1	8707637	8707639	52	NC_035782.1	8707591	8707827
NC_035782.1	8707637	8707639	52	NC_035782.1	8707591	8707827
NC_035782.1	8707637	8707639	52	NC_035782.1	8707591	8707827
NC_035782.1	15147632	15147634	-68	NC_035782.1	15147411	15147713
NC_035782.1	15147632	15147634	-68	NC_035782.1	15147411	15147713
NC_035782.1	15147632	15147634	-68	NC_035782.1	15147411	15147713
NC_035782.1	15147632	15147634	-68	NC_035782.1	15147411	15147713
NC_035782.1	15147632	15147634	-68	NC_035782.1	15147411	15147713
NC_035782.1	15147632	15147634	-68	NC_035782.1	15147411	15147713
NC_035782.1	15147632	15147634	-68	NC_035782.1	15147411	15147713
NC_035782.1	15147632	15147634	-68	NC_035782.1	15147411	15147713
NC_035782.1	15147632	15147634	-68	NC_035782.1	15147411	15147713
NC_035782.1	15147632	15147634	-68	NC_035782.1	15147411	15147713
NC_035782.1	15147632	15147634	-68	NC_035782.1	15147411	15147713
NC_035782.1	15147632	15147634	-68	NC_035782.1	15147411	15147713
NC_035782.1	15147632	15147634	-68	NC_035782.1	15147411	15147713
NC_035782.1	15147632	15147634	-68	NC_035782.1	15147411	15147713
NC_035782.1	15147632	15147634	-68	NC_035782.1	15147411	15147713
NC_035782.1	15147632	15147634	-68	NC_035782.1	15147411	15147713
NC_035782.1	15147632	15147634	-68	NC_035782.1	15147411	15147713
NC_035782.1	15147632	15147634	-68	NC_035782.1	15147411	15147713
NC_035782.1	15147632	15147634	-68	NC_035782.1	15147411	15147713
NC_035782.1	15147632	15147634	-68	NC_035782.1	15147411	15147713
NC_035782.1	15147632	15147634	-68	NC_035782.1	15147411	15147713
NC_035782.1	15147632	15147634	-68	NC_035782.1	15147411	15147713
NC_035782.1	15147632	15147634	-68	NC_035782.1	15147411	15147713
NC_035782.1	15147632	15147634	-68	NC_035782.1	15147411	15147713
NC_035782.1	15147632	15147634	-68	NC_035782.1	15147411	15147713
NC_035782.1	15147632	15147634	-68	NC_035782.1	15147411	15147713
NC_035782.1	15147632	15147634	-68	NC_035782.1	15147411	15147713
NC_035782.1	15147632	15147634	-68	NC_035782.1	15147411	15147713
NC_035782.1	15147632	15147634	-68	NC_035782.1	15147411	15147713
NC_035782.1	15147632	15147634	-68	NC_035782.1	15147411	15147713
NC_035782.1	15147632	15147634	-68	NC_035782.1	15147411	15147713
NC_035782.1	15147632	15147634	-68	NC_035782.1	15147411	15147713
NC_035782.1	15147632	15147634	-68	NC_035782.1	15147411	15147713
NC_035782.1	15147632	15147634	-68	NC_035782.1	15147411	15147713
NC_035782.1	15147632	15147634	-68	NC_035782.1	15147411	15147713
NC_035782.1	15147632	15147634	-68	NC_035782.1	15147411	15147713
NC_035782.1	15147632	15147634	-68	NC_035782.1	15147411	15147713
NC_035782.1	15147632	15147634	-68	NC_035782.1	15147411	15147713
NC_035782.1	15147632	15147634	-68	NC_035782.1	15147411	15147713
NC_035782.1	15147632	15147634	-68	NC_035782.1	15147411	15147713
NC_035782.1	15147632	15147634	-68	NC_035782.1	15147411	15147713
NC_035782.1	15147632	15147634	-68	NC_035782.1	15147411	15147713
NC_035782.1	15148526	15148528	-50	NC_035782.1	15148506	15148805
NC_035782.1	15148526	15148528	-50	NC_035782.1	15148506	15148805
NC_035782.1	15148526	15148528	-50	NC_035782.1	15148506	15148805
NC_035782.1	15148526	15148528	-50	NC_035782.1	15148506	15148805
NC_035782.1	15148526	15148528	-50	NC_035782.1	15148506	15148805
NC_035782.1	15148526	15148528	-50	NC_035782.1	15148506	15148805
NC_035782.1	15148526	15148528	-50	NC_035782.1	15148506	15148805
NC_035782.1	15148526	15148528	-50	NC_035782.1	15148506	15148805
NC_035782.1	15148526	15148528	-50	NC_035782.1	15148506	15148805
NC_035782.1	15148526	15148528	-50	NC_035782.1	15148506	15148805
NC_035782.1	15148526	15148528	-50	NC_035782.1	15148506	15148805
NC_035782.1	15148526	15148528	-50	NC_035782.1	15148506	15148805
NC_035782.1	15148526	15148528	-50	NC_035782.1	15148506	15148805
NC_035782.1	15148526	15148528	-50	NC_035782.1	15148506	15148805
NC_035782.1	15148526	15148528	-50	NC_035782.1	15148506	15148805
NC_035782.1	15148526	15148528	-50	NC_035782.1	15148506	15148805
NC_035782.1	15148526	15148528	-50	NC_035782.1	15148506	15148805
NC_035782.1	15148526	15148528	-50	NC_035782.1	15148506	15148805
NC_035782.1	15148526	15148528	-50	NC_035782.1	15148506	15148805
NC_035782.1	15148526	15148528	-50	NC_035782.1	15148506	15148805
NC_035782.1	15148526	15148528	-50	NC_035782.1	15148506	15148805
NC_035782.1	15148526	15148528	-50	NC_035782.1	15148506	15148805
NC_035782.1	15148526	15148528	-50	NC_035782.1	15148506	15148805
NC_035782.1	15148526	15148528	-50	NC_035782.1	15148506	15148805
NC_035782.1	15148526	15148528	-50	NC_035782.1	15148506	15148805
NC_035782.1	15148526	15148528	-50	NC_035782.1	15148506	15148805
NC_035782.1	15148526	15148528	-50	NC_035782.1	15148506	15148805
NC_035782.1	15148526	15148528	-50	NC_035782.1	15148506	15148805
NC_035782.1	15148526	15148528	-50	NC_035782.1	15148506	15148805
NC_035782.1	15148526	15148528	-50	NC_035782.1	15148506	15148805
NC_035782.1	15148526	15148528	-50	NC_035782.1	15148506	15148805
NC_035782.1	15148526	15148528	-50	NC_035782.1	15148506	15148805
NC_035782.1	15148526	15148528	-50	NC_035782.1	15148506	15148805
NC_035782.1	15148526	15148528	-50	NC_035782.1	15148506	15148805
NC_035782.1	15148526	15148528	-50	NC_035782.1	15148506	15148805
NC_035782.1	15148526	15148528	-50	NC_035782.1	15148506	15148805
NC_035782.1	15148526	15148528	-50	NC_035782.1	15148506	15148805
NC_035782.1	15148526	15148528	-50	NC_035782.1	15148506	15148805
NC_035782.1	15148526	15148528	-50	NC_035782.1	15148506	15148805
NC_035782.1	15148526	15148528	-50	NC_035782.1	15148506	15148805
NC_035782.1	15148526	15148528	-50	NC_035782.1	15148506	15148805
NC_035782.1	15285000	15285002	-54	NC_035782.1	15284903	15285130
NC_035782.1	15347935	15347937	55	NC_035782.1	15347612	15348597
NC_035782.1	15347935	15347937	55	NC_035782.1	15347612	15348597
NC_035782.1	19354457	19354459	53	NC_035782.1	19354316	19354522
NC_035782.1	19354457	19354459	53	NC_035782.1	19354316	19354522
NC_035782.1	20856833	20856835	-59	NC_035782.1	20856735	20856853
NC_035782.1	22251780	22251782	-53	NC_035782.1	22251494	22251868
NC_035782.1	22251780	22251782	-53	NC_035782.1	22251494	22251868
NC_035782.1	22559283	22559285	52	NC_035782.1	22559230	22559367
NC_035782.1	22569027	22569029	-50	NC_035782.1	22569016	22569074
NC_035782.1	23870428	23870430	74	NC_035782.1	23870389	23870592
NC_035782.1	23870428	23870430	74	NC_035782.1	23870389	23870592
NC_035782.1	25351681	25351683	52	NC_035782.1	25351409	25351711
NC_035782.1	25351681	25351683	52	NC_035782.1	25351409	25351711
NC_035782.1	25351681	25351683	52	NC_035782.1	25351409	25351711
NC_035782.1	25351681	25351683	52	NC_035782.1	25351409	25351711
NC_035782.1	25351681	25351683	52	NC_035782.1	25351409	25351711
NC_035782.1	25351681	25351683	52	NC_035782.1	25351409	25351711
NC_035782.1	26339741	26339743	-59	NC_035782.1	26339363	26339812
NC_035782.1	26344076	26344078	-51	NC_035782.1	26343818	26344108
NC_035782.1	35693355	35693357	-55	NC_035782.1	35693167	35693425
NC_035782.1	37370860	37370862	73	NC_035782.1	37370605	37370897
NC_035782.1	37370860	37370862	73	NC_035782.1	37370605	37370897
NC_035782.1	37370860	37370862	73	NC_035782.1	37370605	37370897
NC_035782.1	37370860	37370862	73	NC_035782.1	37370605	37370897
NC_035782.1	37370872	37370874	75	NC_035782.1	37370605	37370897
NC_035782.1	37370872	37370874	75	NC_035782.1	37370605	37370897
NC_035782.1	37370872	37370874	75	NC_035782.1	37370605	37370897
NC_035782.1	37370872	37370874	75	NC_035782.1	37370605	37370897
NC_035782.1	37370881	37370883	68	NC_035782.1	37370605	37370897
NC_035782.1	37370881	37370883	68	NC_035782.1	37370605	37370897
NC_035782.1	37370881	37370883	68	NC_035782.1	37370605	37370897
NC_035782.1	37370881	37370883	68	NC_035782.1	37370605	37370897
NC_035782.1	37843185	37843187	-55	NC_035782.1	37842959	37845980
NC_035782.1	40860496	40860498	59	NC_035782.1	40860486	40860593
NC_035782.1	40860496	40860498	59	NC_035782.1	40860486	40860593
NC_035782.1	40860496	40860498	59	NC_035782.1	40860486	40860593
NC_035782.1	40860496	40860498	59	NC_035782.1	40860486	40860593
NC_035782.1	40860496	40860498	59	NC_035782.1	40860486	40860593
NC_035782.1	40860496	40860498	59	NC_035782.1	40860486	40860593
NC_035782.1	40860496	40860498	59	NC_035782.1	40860486	40860593
NC_035782.1	40860496	40860498	59	NC_035782.1	40860486	40860593
NC_035782.1	40860496	40860498	59	NC_035782.1	40860486	40860593
NC_035782.1	40860496	40860498	59	NC_035782.1	40860486	40860593
NC_035782.1	41847823	41847825	-50	NC_035782.1	41847725	41848320
NC_035782.1	41847823	41847825	-50	NC_035782.1	41847725	41848320
NC_035782.1	41847823	41847825	-50	NC_035782.1	41847725	41848320
NC_035782.1	41847823	41847825	-50	NC_035782.1	41847725	41848320
NC_035782.1	41847823	41847825	-50	NC_035782.1	41847725	41848320
NC_035782.1	43017702	43017704	54	NC_035782.1	43017620	43017769
NC_035782.1	43017702	43017704	54	NC_035782.1	43017624	43017769
NC_035782.1	43017702	43017704	54	NC_035782.1	43017624	43017769
NC_035782.1	43017702	43017704	54	NC_035782.1	43017624	43017769
NC_035782.1	43017702	43017704	54	NC_035782.1	43017624	43017769
NC_035782.1	43017702	43017704	54	NC_035782.1	43017624	43017769
NC_035782.1	43017702	43017704	54	NC_035782.1	43017624	43017769
NC_035782.1	45180768	45180770	-62	NC_035782.1	45180636	45180878
NC_035782.1	45180768	45180770	-62	NC_035782.1	45180636	45180878
NC_035782.1	45180768	45180770	-62	NC_035782.1	45180636	45180878
NC_035782.1	45180768	45180770	-62	NC_035782.1	45180636	45180878
NC_035782.1	48688410	48688412	-58	NC_035782.1	48688369	48688498
NC_035782.1	48688410	48688412	-58	NC_035782.1	48688369	48688498
NC_035782.1	48688410	48688412	-58	NC_035782.1	48688369	48688498
NC_035782.1	48688410	48688412	-58	NC_035782.1	48688369	48688498
NC_035782.1	48688413	48688415	-56	NC_035782.1	48688369	48688498
NC_035782.1	48688413	48688415	-56	NC_035782.1	48688369	48688498
NC_035782.1	48688413	48688415	-56	NC_035782.1	48688369	48688498
NC_035782.1	48688413	48688415	-56	NC_035782.1	48688369	48688498
NC_035782.1	49571336	49571338	-58	NC_035782.1	49571265	49572321
NC_035782.1	49571336	49571338	-58	NC_035782.1	49571265	49572321
NC_035782.1	49571336	49571338	-58	NC_035782.1	49571265	49572321
NC_035782.1	49571336	49571338	-58	NC_035782.1	49571265	49572321
NC_035782.1	49571336	49571338	-58	NC_035782.1	49571265	49572321
NC_035782.1	49571336	49571338	-58	NC_035782.1	49571265	49572321
NC_035782.1	49656582	49656584	53	NC_035782.1	49655583	49656613
NC_035782.1	49656582	49656584	53	NC_035782.1	49655583	49656613
NC_035782.1	49656582	49656584	53	NC_035782.1	49655583	49656613
NC_035782.1	49656582	49656584	53	NC_035782.1	49655583	49656613
NC_035782.1	49656582	49656584	53	NC_035782.1	49655583	49656613
NC_035782.1	49693130	49693132	51	NC_035782.1	49693086	49693245
NC_035782.1	49693130	49693132	51	NC_035782.1	49693086	49693245
NC_035782.1	49693130	49693132	51	NC_035782.1	49693086	49693245
NC_035782.1	49693130	49693132	51	NC_035782.1	49693086	49693245
NC_035782.1	49693130	49693132	51	NC_035782.1	49693086	49693245
NC_035782.1	50390335	50390337	50	NC_035782.1	50389084	50391890
NC_035782.1	50390335	50390337	50	NC_035782.1	50389084	50391890
NC_035782.1	50390335	50390337	50	NC_035782.1	50389084	50391890
NC_035782.1	50390335	50390337	50	NC_035782.1	50389084	50391890
NC_035782.1	50390335	50390337	50	NC_035782.1	50389084	50391890
NC_035782.1	50390335	50390337	50	NC_035782.1	50389084	50391890
NC_035782.1	50390335	50390337	50	NC_035782.1	50389084	50391890
NC_035782.1	50390335	50390337	50	NC_035782.1	50389084	50391890
NC_035782.1	50620240	50620242	55	NC_035782.1	50620090	50620726
NC_035782.1	50620240	50620242	55	NC_035782.1	50620090	50620726
NC_035782.1	50620240	50620242	55	NC_035782.1	50620090	50620726
NC_035782.1	51594718	51594720	-52	NC_035782.1	51594645	51594814
NC_035782.1	51594718	51594720	-52	NC_035782.1	51594645	51594814
NC_035782.1	51594718	51594720	-52	NC_035782.1	51594645	51594814
NC_035782.1	51594718	51594720	-52	NC_035782.1	51594645	51594814
NC_035782.1	51594718	51594720	-52	NC_035782.1	51594645	51594814
NC_035782.1	51594718	51594720	-52	NC_035782.1	51594645	51594814
NC_035782.1	51594718	51594720	-52	NC_035782.1	51594645	51594814
NC_035782.1	51594718	51594720	-52	NC_035782.1	51594645	51594814
NC_035782.1	51594718	51594720	-52	NC_035782.1	51594645	51594814
NC_035782.1	51594718	51594720	-52	NC_035782.1	51594645	51594814
NC_035782.1	53681702	53681704	-58	NC_035782.1	53681286	53682265
NC_035782.1	53681702	53681704	-58	NC_035782.1	53681286	53682265
NC_035782.1	53681702	53681704	-58	NC_035782.1	53681286	53682265
NC_035782.1	53681702	53681704	-58	NC_035782.1	53681286	53682265
NC_035782.1	53681702	53681704	-58	NC_035782.1	53681286	53682265
NC_035782.1	53681702	53681704	-58	NC_035782.1	53681286	53682265
NC_035782.1	53681702	53681704	-58	NC_035782.1	53681286	53682265
NC_035782.1	53681702	53681704	-58	NC_035782.1	53681286	53682265
NC_035782.1	53681702	53681704	-58	NC_035782.1	53681286	53682265
NC_035782.1	53681702	53681704	-58	NC_035782.1	53681286	53682265
NC_035782.1	53681702	53681704	-58	NC_035782.1	53681286	53682265
NC_035782.1	53681702	53681704	-58	NC_035782.1	53681286	53682265
NC_035782.1	53681702	53681704	-58	NC_035782.1	53681286	53682265
NC_035782.1	57056676	57056678	53	NC_035782.1	57055275	57058637
NC_035782.1	57057398	57057400	51	NC_035782.1	57055275	57058637
NC_035782.1	58948370	58948372	-50	NC_035782.1	58948305	58948459
NC_035782.1	63514944	63514946	50	NC_035782.1	63514406	63515085
NC_035782.1	63564041	63564043	-55	NC_035782.1	63564032	63564121
NC_035782.1	64758095	64758097	53	NC_035782.1	64756352	64759156
NC_035782.1	67715552	67715554	66	NC_035782.1	67715035	67716187
NC_035782.1	67715552	67715554	66	NC_035782.1	67715035	67716187
NC_035782.1	67715552	67715554	66	NC_035782.1	67715035	67716187
NC_035783.1	2891928	2891930	52	NC_035783.1	2891882	2892009
NC_035783.1	15040568	15040570	-50	NC_035783.1	15040189	15041630
NC_035783.1	18011470	18011472	51	NC_035783.1	18011349	18011595
NC_035783.1	18011470	18011472	51	NC_035783.1	18011349	18011595
NC_035783.1	18011470	18011472	51	NC_035783.1	18011349	18011595
NC_035783.1	18011470	18011472	51	NC_035783.1	18011349	18011595
NC_035783.1	18011470	18011472	51	NC_035783.1	18011349	18011595
NC_035783.1	18011470	18011472	51	NC_035783.1	18011349	18011595
NC_035783.1	18011470	18011472	51	NC_035783.1	18011349	18011595
NC_035783.1	18011470	18011472	51	NC_035783.1	18011349	18011595
NC_035783.1	19526092	19526094	50	NC_035783.1	19525785	19526784
NC_035783.1	19526092	19526094	50	NC_035783.1	19525785	19526784
NC_035783.1	19594384	19594386	51	NC_035783.1	19594325	19594447
NC_035783.1	19856040	19856042	50	NC_035783.1	19856022	19856753
NC_035783.1	20719351	20719353	52	NC_035783.1	20719278	20719416
NC_035783.1	20719351	20719353	52	NC_035783.1	20719278	20719416
NC_035783.1	20844474	20844476	65	NC_035783.1	20844445	20844539
NC_035783.1	20856440	20856442	55	NC_035783.1	20856314	20856493
NC_035783.1	20856440	20856442	55	NC_035783.1	20856314	20856493
NC_035783.1	20856440	20856442	55	NC_035783.1	20856314	20856493
NC_035783.1	20856440	20856442	55	NC_035783.1	20856314	20856493
NC_035783.1	21066968	21066970	50	NC_035783.1	21066372	21067472
NC_035783.1	21066994	21066996	54	NC_035783.1	21066372	21067472
NC_035783.1	21070058	21070060	53	NC_035783.1	21069994	21070175
NC_035783.1	21073266	21073268	-50	NC_035783.1	21073171	21073288
NC_035783.1	21109545	21109547	53	NC_035783.1	21109512	21109678
NC_035783.1	21109545	21109547	53	NC_035783.1	21109512	21109678
NC_035783.1	21109545	21109547	53	NC_035783.1	21109512	21109678
NC_035783.1	21111798	21111800	66	NC_035783.1	21111775	21111829
NC_035783.1	21111798	21111800	66	NC_035783.1	21111775	21111829
NC_035783.1	21111798	21111800	66	NC_035783.1	21111775	21111829
NC_035783.1	22397441	22397443	50	NC_035783.1	22397128	22397454
NC_035783.1	22397441	22397443	50	NC_035783.1	22397128	22397454
NC_035783.1	22397441	22397443	50	NC_035783.1	22397128	22397454
NC_035783.1	22397441	22397443	50	NC_035783.1	22397128	22397454
NC_035783.1	22397441	22397443	50	NC_035783.1	22397128	22397454
NC_035783.1	22397441	22397443	50	NC_035783.1	22397128	22397454
NC_035783.1	22397441	22397443	50	NC_035783.1	22397128	22397454
NC_035783.1	22397441	22397443	50	NC_035783.1	22397128	22397454
NC_035783.1	22397441	22397443	50	NC_035783.1	22397128	22397454
NC_035783.1	22397441	22397443	50	NC_035783.1	22397128	22397454
NC_035783.1	22397441	22397443	50	NC_035783.1	22397128	22397454
NC_035783.1	25301967	25301969	-57	NC_035783.1	25301924	25302091
NC_035783.1	25301967	25301969	-57	NC_035783.1	25301924	25302091
NC_035783.1	25301967	25301969	-57	NC_035783.1	25301924	25302091
NC_035783.1	25301967	25301969	-57	NC_035783.1	25301924	25302091
NC_035783.1	25301967	25301969	-57	NC_035783.1	25301924	25302091
NC_035783.1	25301967	25301969	-57	NC_035783.1	25301924	25302091
NC_035783.1	25301967	25301969	-57	NC_035783.1	25301924	25302091
NC_035783.1	25304490	25304492	-63	NC_035783.1	25304390	25304602
NC_035783.1	25304490	25304492	-63	NC_035783.1	25304390	25304602
NC_035783.1	25304490	25304492	-63	NC_035783.1	25304390	25304602
NC_035783.1	25304490	25304492	-63	NC_035783.1	25304390	25304602
NC_035783.1	25304490	25304492	-63	NC_035783.1	25304390	25304602
NC_035783.1	25304490	25304492	-63	NC_035783.1	25304390	25304602
NC_035783.1	25304490	25304492	-63	NC_035783.1	25304390	25304602
NC_035783.1	25307878	25307880	-78	NC_035783.1	25307826	25308029
NC_035783.1	25307878	25307880	-78	NC_035783.1	25307826	25308029
NC_035783.1	25307878	25307880	-78	NC_035783.1	25307826	25308029
NC_035783.1	25307878	25307880	-78	NC_035783.1	25307826	25308029
NC_035783.1	25307878	25307880	-78	NC_035783.1	25307826	25308029
NC_035783.1	25307878	25307880	-78	NC_035783.1	25307826	25308029
NC_035783.1	25307878	25307880	-78	NC_035783.1	25307826	25308029
NC_035783.1	25307894	25307896	-50	NC_035783.1	25307826	25308029
NC_035783.1	25307894	25307896	-50	NC_035783.1	25307826	25308029
NC_035783.1	25307894	25307896	-50	NC_035783.1	25307826	25308029
NC_035783.1	25307894	25307896	-50	NC_035783.1	25307826	25308029
NC_035783.1	25307894	25307896	-50	NC_035783.1	25307826	25308029
NC_035783.1	25307894	25307896	-50	NC_035783.1	25307826	25308029
NC_035783.1	25307894	25307896	-50	NC_035783.1	25307826	25308029
NC_035783.1	30129116	30129118	-50	NC_035783.1	30129101	30129181
NC_035783.1	30742307	30742309	52	NC_035783.1	30742240	30743083
NC_035783.1	30742307	30742309	52	NC_035783.1	30742240	30743083
NC_035783.1	30742307	30742309	52	NC_035783.1	30742240	30743083
NC_035783.1	30742307	30742309	52	NC_035783.1	30742240	30743083
NC_035783.1	30742307	30742309	52	NC_035783.1	30742240	30743083
NC_035783.1	30742307	30742309	52	NC_035783.1	30742240	30743083
NC_035783.1	30742307	30742309	52	NC_035783.1	30742240	30743083
NC_035783.1	30742307	30742309	52	NC_035783.1	30742240	30743083
NC_035783.1	30742307	30742309	52	NC_035783.1	30742240	30743083
NC_035783.1	30742307	30742309	52	NC_035783.1	30742240	30743083
NC_035783.1	30742307	30742309	52	NC_035783.1	30742240	30743083
NC_035783.1	30742307	30742309	52	NC_035783.1	30742240	30743083
NC_035783.1	30742307	30742309	52	NC_035783.1	30742240	30743083
NC_035783.1	30742307	30742309	52	NC_035783.1	30742240	30743083
NC_035783.1	30742307	30742309	52	NC_035783.1	30742240	30743083
NC_035783.1	30742307	30742309	52	NC_035783.1	30742240	30743083
NC_035783.1	30742307	30742309	52	NC_035783.1	30742240	30743083
NC_035783.1	30742307	30742309	52	NC_035783.1	30742240	30743083
NC_035783.1	30742307	30742309	52	NC_035783.1	30742240	30743083
NC_035783.1	30742307	30742309	52	NC_035783.1	30742240	30743083
NC_035783.1	30742307	30742309	52	NC_035783.1	30742240	30743083
NC_035783.1	30742307	30742309	52	NC_035783.1	30742240	30743083
NC_035783.1	30742307	30742309	52	NC_035783.1	30742240	30743083
NC_035783.1	30742307	30742309	52	NC_035783.1	30742240	30743083
NC_035783.1	30742307	30742309	52	NC_035783.1	30742240	30743083
NC_035783.1	30742307	30742309	52	NC_035783.1	30742240	30743083
NC_035783.1	30742307	30742309	52	NC_035783.1	30742240	30743083
NC_035783.1	32082626	32082628	-53	NC_035783.1	32082385	32082647
NC_035783.1	32197764	32197766	55	NC_035783.1	32193131	32198041
NC_035783.1	32580030	32580032	62	NC_035783.1	32580027	32580153
NC_035783.1	38039086	38039088	-51	NC_035783.1	38039050	38039211
NC_035783.1	38039086	38039088	-51	NC_035783.1	38039050	38039211
NC_035783.1	38039086	38039088	-51	NC_035783.1	38039050	38039211
NC_035783.1	41657099	41657101	-50	NC_035783.1	41657017	41657143
NC_035783.1	42871170	42871172	-51	NC_035783.1	42871144	42871275
NC_035783.1	44312384	44312386	-51	NC_035783.1	44311894	44312467
NC_035783.1	57083697	57083699	-51	NC_035783.1	57083515	57083713
NC_035783.1	58186423	58186425	60	NC_035783.1	58186208	58187524
NC_035783.1	58186423	58186425	60	NC_035783.1	58186208	58187524
NC_035783.1	58980060	58980062	-65	NC_035783.1	58979191	58980564
NC_035784.1	1046255	1046257	-54	NC_035784.1	1046101	1046316
NC_035784.1	1046255	1046257	-54	NC_035784.1	1046101	1046316
NC_035784.1	1046255	1046257	-54	NC_035784.1	1046101	1046316
NC_035784.1	1046255	1046257	-54	NC_035784.1	1046101	1046316
NC_035784.1	1046255	1046257	-54	NC_035784.1	1046101	1046316
NC_035784.1	1046255	1046257	-54	NC_035784.1	1046101	1046316
NC_035784.1	1046255	1046257	-54	NC_035784.1	1046101	1046316
NC_035784.1	1046255	1046257	-54	NC_035784.1	1046101	1046316
NC_035784.1	1046255	1046257	-54	NC_035784.1	1046101	1046316
NC_035784.1	1046255	1046257	-54	NC_035784.1	1046101	1046316
NC_035784.1	1046255	1046257	-54	NC_035784.1	1046101	1046316
NC_035784.1	1046255	1046257	-54	NC_035784.1	1046101	1046316
NC_035784.1	1046255	1046257	-54	NC_035784.1	1046101	1046316
NC_035784.1	1062719	1062721	-51	NC_035784.1	1062623	1062953
NC_035784.1	1992223	1992225	61	NC_035784.1	1991333	1996366
NC_035784.1	2007282	2007284	-51	NC_035784.1	2007215	2007340
NC_035784.1	2007282	2007284	-51	NC_035784.1	2007215	2007340
NC_035784.1	2288950	2288952	-55	NC_035784.1	2288892	2289050
NC_035784.1	2326139	2326141	-54	NC_035784.1	2326037	2326195
NC_035784.1	2326139	2326141	-54	NC_035784.1	2326037	2326195
NC_035784.1	2326139	2326141	-54	NC_035784.1	2326037	2326195
NC_035784.1	2326139	2326141	-54	NC_035784.1	2326037	2326195
NC_035784.1	2326139	2326141	-54	NC_035784.1	2326037	2326195
NC_035784.1	2326139	2326141	-54	NC_035784.1	2326037	2326195
NC_035784.1	2326139	2326141	-54	NC_035784.1	2326037	2326195
NC_035784.1	2326139	2326141	-54	NC_035784.1	2326037	2326195
NC_035784.1	2326139	2326141	-54	NC_035784.1	2326037	2326195
NC_035784.1	2326139	2326141	-54	NC_035784.1	2326037	2326195
NC_035784.1	2326139	2326141	-54	NC_035784.1	2326037	2326195
NC_035784.1	2326139	2326141	-54	NC_035784.1	2326037	2326195
NC_035784.1	2326139	2326141	-54	NC_035784.1	2326037	2326195
NC_035784.1	2326139	2326141	-54	NC_035784.1	2326037	2326195
NC_035784.1	2326139	2326141	-54	NC_035784.1	2326037	2326195
NC_035784.1	2333163	2333165	57	NC_035784.1	2333057	2333333
NC_035784.1	2333163	2333165	57	NC_035784.1	2333057	2333333
NC_035784.1	2333163	2333165	57	NC_035784.1	2333057	2333333
NC_035784.1	2333163	2333165	57	NC_035784.1	2333057	2333333
NC_035784.1	2333163	2333165	57	NC_035784.1	2333057	2333333
NC_035784.1	2333163	2333165	57	NC_035784.1	2333057	2333333
NC_035784.1	2333163	2333165	57	NC_035784.1	2333057	2333333
NC_035784.1	2333163	2333165	57	NC_035784.1	2333057	2333333
NC_035784.1	2333163	2333165	57	NC_035784.1	2333057	2333333
NC_035784.1	2333163	2333165	57	NC_035784.1	2333057	2333333
NC_035784.1	2333163	2333165	57	NC_035784.1	2333057	2333333
NC_035784.1	2333163	2333165	57	NC_035784.1	2333057	2333333
NC_035784.1	2333163	2333165	57	NC_035784.1	2333057	2333333
NC_035784.1	2333163	2333165	57	NC_035784.1	2333057	2333333
NC_035784.1	2333163	2333165	57	NC_035784.1	2333057	2333333
NC_035784.1	2333298	2333300	63	NC_035784.1	2333057	2333333
NC_035784.1	2333298	2333300	63	NC_035784.1	2333057	2333333
NC_035784.1	2333298	2333300	63	NC_035784.1	2333057	2333333
NC_035784.1	2333298	2333300	63	NC_035784.1	2333057	2333333
NC_035784.1	2333298	2333300	63	NC_035784.1	2333057	2333333
NC_035784.1	2333298	2333300	63	NC_035784.1	2333057	2333333
NC_035784.1	2333298	2333300	63	NC_035784.1	2333057	2333333
NC_035784.1	2333298	2333300	63	NC_035784.1	2333057	2333333
NC_035784.1	2333298	2333300	63	NC_035784.1	2333057	2333333
NC_035784.1	2333298	2333300	63	NC_035784.1	2333057	2333333
NC_035784.1	2333298	2333300	63	NC_035784.1	2333057	2333333
NC_035784.1	2333298	2333300	63	NC_035784.1	2333057	2333333
NC_035784.1	2333298	2333300	63	NC_035784.1	2333057	2333333
NC_035784.1	2333298	2333300	63	NC_035784.1	2333057	2333333
NC_035784.1	2333298	2333300	63	NC_035784.1	2333057	2333333
NC_035784.1	2338123	2338125	-53	NC_035784.1	2337755	2339245
NC_035784.1	2340023	2340025	-55	NC_035784.1	2339962	2340121
NC_035784.1	2350201	2350203	-55	NC_035784.1	2350196	2350298
NC_035784.1	2443679	2443681	-61	NC_035784.1	2443540	2443720
NC_035784.1	2777422	2777424	-53	NC_035784.1	2777248	2779685
NC_035784.1	7825971	7825973	56	NC_035784.1	7825907	7826063
NC_035784.1	7825971	7825973	56	NC_035784.1	7825907	7826063
NC_035784.1	7825971	7825973	56	NC_035784.1	7825907	7826063
NC_035784.1	18634307	18634309	-58	NC_035784.1	18634139	18634425
NC_035784.1	18634307	18634309	-58	NC_035784.1	18634139	18634425
NC_035784.1	18634307	18634309	-58	NC_035784.1	18634139	18634425
NC_035784.1	18634307	18634309	-58	NC_035784.1	18634139	18634425
NC_035784.1	18634307	18634309	-58	NC_035784.1	18634139	18634425
NC_035784.1	18634307	18634309	-58	NC_035784.1	18634139	18634425
NC_035784.1	18634307	18634309	-58	NC_035784.1	18634139	18634425
NC_035784.1	18634307	18634309	-58	NC_035784.1	18634139	18634425
NC_035784.1	18634307	18634309	-58	NC_035784.1	18634139	18634425
NC_035784.1	21805784	21805786	-53	NC_035784.1	21805750	21805920
NC_035784.1	25138820	25138822	50	NC_035784.1	25137527	25138851
NC_035784.1	26845664	26845666	59	NC_035784.1	26845262	26846859
NC_035784.1	34072923	34072925	51	NC_035784.1	34071040	34073012
NC_035784.1	36745878	36745880	63	NC_035784.1	36745693	36747147
NC_035784.1	36788436	36788438	51	NC_035784.1	36788389	36788484
NC_035784.1	36797029	36797031	-56	NC_035784.1	36796965	36797045
NC_035784.1	36957811	36957813	50	NC_035784.1	36954147	36958321
NC_035784.1	36957811	36957813	50	NC_035784.1	36954147	36958321
NC_035784.1	36957811	36957813	50	NC_035784.1	36954147	36958321
NC_035784.1	37719492	37719494	-53	NC_035784.1	37719485	37719690
NC_035784.1	37719492	37719494	-53	NC_035784.1	37719485	37719690
NC_035784.1	37719492	37719494	-53	NC_035784.1	37719485	37719690
NC_035784.1	37719492	37719494	-53	NC_035784.1	37719485	37719690
NC_035784.1	37719492	37719494	-53	NC_035784.1	37719485	37719690
NC_035784.1	37719492	37719494	-53	NC_035784.1	37719485	37719690
NC_035784.1	37751434	37751436	-57	NC_035784.1	37751029	37753869
NC_035784.1	37751434	37751436	-57	NC_035784.1	37751029	37753869
NC_035784.1	37751434	37751436	-57	NC_035784.1	37751029	37753869
NC_035784.1	37751434	37751436	-57	NC_035784.1	37751029	37753869
NC_035784.1	37751434	37751436	-57	NC_035784.1	37751029	37753869
NC_035784.1	37751434	37751436	-57	NC_035784.1	37751029	37753869
NC_035784.1	38226015	38226017	54	NC_035784.1	38225939	38226279
NC_035784.1	38226015	38226017	54	NC_035784.1	38225939	38226279
NC_035784.1	38226015	38226017	54	NC_035784.1	38225939	38226279
NC_035784.1	38226015	38226017	54	NC_035784.1	38225939	38226279
NC_035784.1	38226015	38226017	54	NC_035784.1	38225939	38226279
NC_035784.1	39544458	39544460	-51	NC_035784.1	39544333	39544486
NC_035784.1	39858400	39858402	57	NC_035784.1	39858198	39858454
NC_035784.1	43356400	43356402	-52	NC_035784.1	43356303	43356450
NC_035784.1	43356400	43356402	-52	NC_035784.1	43356303	43356450
NC_035784.1	43356400	43356402	-52	NC_035784.1	43356303	43356450
NC_035784.1	43356400	43356402	-52	NC_035784.1	43356303	43356450
NC_035784.1	45928233	45928235	50	NC_035784.1	45928101	45928344
NC_035784.1	45928233	45928235	50	NC_035784.1	45928101	45928344
NC_035784.1	45928233	45928235	50	NC_035784.1	45928101	45928344
NC_035784.1	45928233	45928235	50	NC_035784.1	45928101	45928344
NC_035784.1	45928233	45928235	50	NC_035784.1	45928101	45928344
NC_035784.1	45928233	45928235	50	NC_035784.1	45928101	45928344
NC_035784.1	45928233	45928235	50	NC_035784.1	45928101	45928344
NC_035784.1	45928233	45928235	50	NC_035784.1	45928101	45928344
NC_035784.1	46805444	46805446	70	NC_035784.1	46805279	46805590
NC_035784.1	50085312	50085314	50	NC_035784.1	50085154	50085403
NC_035784.1	51552241	51552243	53	NC_035784.1	51552159	51552570
NC_035784.1	52581119	52581121	-52	NC_035784.1	52581028	52581730
NC_035784.1	52581119	52581121	-52	NC_035784.1	52581028	52581730
NC_035784.1	52581362	52581364	-72	NC_035784.1	52581028	52581730
NC_035784.1	52581362	52581364	-72	NC_035784.1	52581028	52581730
NC_035784.1	52581683	52581685	-59	NC_035784.1	52581028	52581730
NC_035784.1	52581683	52581685	-59	NC_035784.1	52581028	52581730
NC_035784.1	52582702	52582704	60	NC_035784.1	52582146	52583027
NC_035784.1	52582702	52582704	60	NC_035784.1	52582146	52583027
NC_035784.1	53289051	53289053	-51	NC_035784.1	53288966	53289090
NC_035784.1	53289051	53289053	-51	NC_035784.1	53288966	53289090
NC_035784.1	53289051	53289053	-51	NC_035784.1	53288966	53289090
NC_035784.1	53329759	53329761	50	NC_035784.1	53329102	53329960
NC_035784.1	53739781	53739783	-65	NC_035784.1	53738305	53740583
NC_035784.1	53739781	53739783	-65	NC_035784.1	53738305	53740583
NC_035784.1	53739781	53739783	-65	NC_035784.1	53738305	53740583
NC_035784.1	53739781	53739783	-65	NC_035784.1	53738305	53740583
NC_035784.1	53739781	53739783	-65	NC_035784.1	53738305	53740583
NC_035784.1	53739781	53739783	-65	NC_035784.1	53738305	53740583
NC_035784.1	53739781	53739783	-65	NC_035784.1	53738305	53740583
NC_035784.1	53739781	53739783	-65	NC_035784.1	53738305	53740583
NC_035784.1	53739781	53739783	-65	NC_035784.1	53738305	53740583
NC_035784.1	53739781	53739783	-65	NC_035784.1	53738305	53740583
NC_035784.1	53739781	53739783	-65	NC_035784.1	53738305	53740583
NC_035784.1	53739781	53739783	-65	NC_035784.1	53738305	53740583
NC_035784.1	53739781	53739783	-65	NC_035784.1	53738305	53740583
NC_035784.1	53739781	53739783	-65	NC_035784.1	53738305	53740583
NC_035784.1	53739781	53739783	-65	NC_035784.1	53738305	53740583
NC_035784.1	53739781	53739783	-65	NC_035784.1	53738305	53740583
NC_035784.1	53739781	53739783	-65	NC_035784.1	53738305	53740583
NC_035784.1	53995723	53995725	-55	NC_035784.1	53995631	53995779
NC_035784.1	53995723	53995725	-55	NC_035784.1	53995631	53995779
NC_035784.1	54347058	54347060	72	NC_035784.1	54347041	54347274
NC_035784.1	54347058	54347060	72	NC_035784.1	54347041	54347274
NC_035784.1	54347058	54347060	72	NC_035784.1	54347041	54347274
NC_035784.1	54639922	54639924	-51	NC_035784.1	54639715	54640020
NC_035784.1	54639922	54639924	-51	NC_035784.1	54639715	54640020
NC_035784.1	54639922	54639924	-51	NC_035784.1	54639715	54640020
NC_035784.1	54639922	54639924	-51	NC_035784.1	54639715	54640020
NC_035784.1	54639922	54639924	-51	NC_035784.1	54639715	54640020
NC_035784.1	54639922	54639924	-51	NC_035784.1	54639715	54640020
NC_035784.1	54639922	54639924	-51	NC_035784.1	54639715	54640020
NC_035784.1	54998518	54998520	-50	NC_035784.1	54998489	54998642
NC_035784.1	54998518	54998520	-50	NC_035784.1	54998489	54998642
NC_035784.1	55104962	55104964	52	NC_035784.1	55104405	55105361
NC_035784.1	55104962	55104964	52	NC_035784.1	55104405	55105361
NC_035784.1	55104962	55104964	52	NC_035784.1	55104405	55105361
NC_035784.1	55404563	55404565	-53	NC_035784.1	55404519	55404785
NC_035784.1	57133703	57133705	57	NC_035784.1	57132942	57135149
NC_035784.1	57140176	57140178	-50	NC_035784.1	57140088	57140193
NC_035784.1	57514692	57514694	53	NC_035784.1	57514435	57514986
NC_035784.1	58701601	58701603	53	NC_035784.1	58698854	58701757
NC_035784.1	58701601	58701603	53	NC_035784.1	58698854	58701757
NC_035784.1	59002731	59002733	54	NC_035784.1	59002630	59002789
NC_035784.1	59129086	59129088	69	NC_035784.1	59129022	59129137
NC_035784.1	59312759	59312761	-50	NC_035784.1	59311800	59313046
NC_035784.1	59387900	59387902	-67	NC_035784.1	59387385	59388876
NC_035784.1	59679678	59679680	61	NC_035784.1	59679530	59679787
NC_035784.1	59679678	59679680	61	NC_035784.1	59679530	59679787
NC_035784.1	59679678	59679680	61	NC_035784.1	59679530	59679787
NC_035784.1	59679678	59679680	61	NC_035784.1	59679530	59679787
NC_035784.1	59679678	59679680	61	NC_035784.1	59679530	59679787
NC_035784.1	59679678	59679680	61	NC_035784.1	59679530	59679787
NC_035784.1	59679678	59679680	61	NC_035784.1	59679530	59679787
NC_035784.1	59679678	59679680	61	NC_035784.1	59679530	59679787
NC_035784.1	59679678	59679680	61	NC_035784.1	59679530	59679787
NC_035784.1	59679678	59679680	61	NC_035784.1	59679530	59679787
NC_035784.1	59679678	59679680	61	NC_035784.1	59679530	59679787
NC_035784.1	59679678	59679680	61	NC_035784.1	59679530	59679787
NC_035784.1	59679678	59679680	61	NC_035784.1	59679530	59679787
NC_035784.1	59679678	59679680	61	NC_035784.1	59679530	59679787
NC_035784.1	60464771	60464773	60	NC_035784.1	60463708	60464894
NC_035784.1	60466858	60466860	51	NC_035784.1	60466808	60466996
NC_035784.1	61208183	61208185	52	NC_035784.1	61207633	61208475
NC_035784.1	64469387	64469389	-55	NC_035784.1	64469274	64469431
NC_035784.1	65591166	65591168	52	NC_035784.1	65591072	65591193
NC_035784.1	65591166	65591168	52	NC_035784.1	65591077	65591193
NC_035784.1	65591166	65591168	52	NC_035784.1	65591079	65591193
NC_035784.1	67943441	67943443	-58	NC_035784.1	67943441	67944012
NC_035784.1	67990332	67990334	53	NC_035784.1	67990278	67990557
NC_035784.1	67990332	67990334	53	NC_035784.1	67990278	67990557
NC_035784.1	67991198	67991200	65	NC_035784.1	67991151	67991390
NC_035784.1	67991198	67991200	65	NC_035784.1	67991151	67991390
NC_035784.1	68693107	68693109	-58	NC_035784.1	68692993	68693109
NC_035784.1	68693107	68693109	-58	NC_035784.1	68692993	68693109
NC_035784.1	68693107	68693109	-58	NC_035784.1	68692993	68693109
NC_035784.1	68693107	68693109	-58	NC_035784.1	68692993	68693109
NC_035784.1	68693107	68693109	-58	NC_035784.1	68692993	68693109
NC_035784.1	68693107	68693109	-58	NC_035784.1	68692993	68693109
NC_035784.1	68693107	68693109	-58	NC_035784.1	68692993	68693109
NC_035784.1	82092355	82092357	-51	NC_035784.1	82092050	82092412
NC_035784.1	82092355	82092357	-51	NC_035784.1	82092050	82092412
NC_035784.1	82092355	82092357	-51	NC_035784.1	82092050	82092412
NC_035784.1	82101045	82101047	51	NC_035784.1	82100945	82101190
NC_035784.1	82101045	82101047	51	NC_035784.1	82100945	82101190
NC_035784.1	82101045	82101047	51	NC_035784.1	82100945	82101190
NC_035784.1	84951457	84951459	-52	NC_035784.1	84951381	84951600
NC_035784.1	84951457	84951459	-52	NC_035784.1	84951381	84951600
NC_035784.1	87735300	87735302	55	NC_035784.1	87735236	87735412
NC_035784.1	88305440	88305442	52	NC_035784.1	88305084	88305467
NC_035784.1	88305440	88305442	52	NC_035784.1	88305084	88305467
NC_035784.1	88305440	88305442	52	NC_035784.1	88305084	88305467
NC_035784.1	88305440	88305442	52	NC_035784.1	88305325	88305467
NC_035784.1	88794179	88794181	-64	NC_035784.1	88794059	88794286
NC_035784.1	88794179	88794181	-64	NC_035784.1	88794059	88794295
NC_035784.1	89193226	89193228	60	NC_035784.1	89193019	89193277
NC_035784.1	89193226	89193228	60	NC_035784.1	89193019	89193277
NC_035784.1	89193226	89193228	60	NC_035784.1	89193019	89193277
NC_035784.1	89193226	89193228	60	NC_035784.1	89193019	89193277
NC_035784.1	89193226	89193228	60	NC_035784.1	89193019	89193277
NC_035784.1	89193226	89193228	60	NC_035784.1	89193092	89193238
NC_035784.1	89193226	89193228	60	NC_035784.1	89193092	89193238
NC_035784.1	89588289	89588291	52	NC_035784.1	89588171	89588297
NC_035784.1	89588289	89588291	52	NC_035784.1	89588171	89588297
NC_035784.1	90457416	90457418	-80	NC_035784.1	90457362	90457532
NC_035784.1	90812484	90812486	51	NC_035784.1	90812413	90812515
NC_035784.1	90909622	90909624	-65	NC_035784.1	90909356	90909687
NC_035784.1	96107106	96107108	53	NC_035784.1	96107037	96107230
NC_035784.1	96107106	96107108	53	NC_035784.1	96107037	96107230
NC_035784.1	96107106	96107108	53	NC_035784.1	96107037	96107230
NC_035784.1	96107106	96107108	53	NC_035784.1	96107037	96107230
NC_035784.1	97120640	97120642	54	NC_035784.1	97120610	97120752
NC_035784.1	97120640	97120642	54	NC_035784.1	97120610	97120752
NC_035784.1	97120640	97120642	54	NC_035784.1	97120610	97120752
NC_035784.1	97120640	97120642	54	NC_035784.1	97120610	97120752
NC_035784.1	97120640	97120642	54	NC_035784.1	97120610	97120752
NC_035784.1	97120640	97120642	54	NC_035784.1	97120610	97120752
NC_035784.1	97120640	97120642	54	NC_035784.1	97120610	97120752
NC_035784.1	97120640	97120642	54	NC_035784.1	97120610	97120752
NC_035784.1	97120640	97120642	54	NC_035784.1	97120610	97120752
NC_035784.1	97120640	97120642	54	NC_035784.1	97120610	97120752
NC_035784.1	97120640	97120642	54	NC_035784.1	97120610	97120752
NC_035784.1	97120640	97120642	54	NC_035784.1	97120610	97120752
NC_035784.1	97120640	97120642	54	NC_035784.1	97120610	97120752
NC_035784.1	97120640	97120642	54	NC_035784.1	97120610	97120752
NC_035784.1	97120640	97120642	54	NC_035784.1	97120610	97120752
NC_035784.1	97120640	97120642	54	NC_035784.1	97120610	97120752
NC_035784.1	97120640	97120642	54	NC_035784.1	97120610	97120752
NC_035784.1	97120640	97120642	54	NC_035784.1	97120610	97120752
NC_035784.1	97250745	97250747	52	NC_035784.1	97250294	97252008
NC_035784.1	97250745	97250747	52	NC_035784.1	97250294	97252008
NC_035784.1	97250745	97250747	52	NC_035784.1	97250294	97252008
NC_035785.1	4685165	4685167	74	NC_035785.1	4685089	4685393
NC_035785.1	4744967	4744969	60	NC_035785.1	4744858	4745003
NC_035785.1	8268552	8268554	-55	NC_035785.1	8268419	8268603
NC_035785.1	11013150	11013152	-52	NC_035785.1	11012905	11017052
NC_035785.1	14156208	14156209	64	NC_035785.1	14156208	14156406
NC_035785.1	14156208	14156209	64	NC_035785.1	14156208	14156406
NC_035785.1	14351204	14351206	54	NC_035785.1	14351102	14351347
NC_035785.1	14598066	14598068	55	NC_035785.1	14597040	14598217
NC_035785.1	14598066	14598068	55	NC_035785.1	14597040	14598217
NC_035785.1	14598066	14598068	55	NC_035785.1	14597040	14598217
NC_035785.1	14598066	14598068	55	NC_035785.1	14597040	14598217
NC_035785.1	14598066	14598068	55	NC_035785.1	14597040	14598217
NC_035785.1	14598066	14598068	55	NC_035785.1	14597040	14598217
NC_035785.1	14598066	14598068	55	NC_035785.1	14597040	14598217
NC_035785.1	14598066	14598068	55	NC_035785.1	14597040	14598217
NC_035785.1	16944852	16944854	59	NC_035785.1	16943937	16945705
NC_035785.1	16944852	16944854	59	NC_035785.1	16943937	16945705
NC_035785.1	16944852	16944854	59	NC_035785.1	16944254	16945705
NC_035785.1	29830587	29830589	54	NC_035785.1	29830474	29830739
NC_035785.1	29830587	29830589	54	NC_035785.1	29830474	29830739
NC_035785.1	29830587	29830589	54	NC_035785.1	29830474	29830739
NC_035785.1	29830587	29830589	54	NC_035785.1	29830474	29830739
NC_035785.1	29830587	29830589	54	NC_035785.1	29830474	29830739
NC_035785.1	31878919	31878921	-57	NC_035785.1	31878766	31879072
NC_035785.1	31878919	31878921	-57	NC_035785.1	31878766	31879072
NC_035785.1	31878919	31878921	-57	NC_035785.1	31878766	31879072
NC_035785.1	31878919	31878921	-57	NC_035785.1	31878766	31879072
NC_035785.1	31878919	31878921	-57	NC_035785.1	31878766	31879072
NC_035785.1	33207617	33207619	51	NC_035785.1	33207395	33208044
NC_035785.1	33207617	33207619	51	NC_035785.1	33207395	33208044
NC_035785.1	33207617	33207619	51	NC_035785.1	33207395	33208044
NC_035785.1	35798191	35798193	-52	NC_035785.1	35798153	35798316
NC_035785.1	35798191	35798193	-52	NC_035785.1	35798153	35798316
NC_035785.1	41843041	41843043	-55	NC_035785.1	41842675	41843047
NC_035785.1	41843041	41843043	-55	NC_035785.1	41842675	41843047
NC_035785.1	41843041	41843043	-55	NC_035785.1	41842675	41843047
NC_035785.1	43783767	43783769	55	NC_035785.1	43783692	43783871
NC_035786.1	4921575	4921577	-57	NC_035786.1	4921444	4921625
NC_035786.1	4921575	4921577	-57	NC_035786.1	4921444	4921625
NC_035786.1	4921575	4921577	-57	NC_035786.1	4921444	4921625
NC_035786.1	4921575	4921577	-57	NC_035786.1	4921444	4921625
NC_035786.1	4921575	4921577	-57	NC_035786.1	4921444	4921625
NC_035786.1	4921575	4921577	-57	NC_035786.1	4921444	4921625
NC_035786.1	4921575	4921577	-57	NC_035786.1	4921444	4921625
NC_035786.1	9998394	9998396	52	NC_035786.1	9998307	9998501
NC_035786.1	11897414	11897416	56	NC_035786.1	11896295	11898526
NC_035786.1	13808095	13808097	63	NC_035786.1	13807578	13808627
NC_035786.1	13808095	13808097	63	NC_035786.1	13807578	13808627
NC_035786.1	18065665	18065667	50	NC_035786.1	18064204	18065743
NC_035786.1	29945221	29945223	54	NC_035786.1	29942191	29945281
NC_035786.1	29945221	29945223	54	NC_035786.1	29943086	29945281
NC_035786.1	29945221	29945223	54	NC_035786.1	29943087	29945281
NC_035786.1	29945221	29945223	54	NC_035786.1	29943088	29945281
NC_035786.1	29945221	29945223	54	NC_035786.1	29943090	29945281
NC_035786.1	29945221	29945223	54	NC_035786.1	29943091	29945281
NC_035786.1	29945221	29945223	54	NC_035786.1	29943094	29945281
NC_035786.1	29945221	29945223	54	NC_035786.1	29943096	29945281
NC_035786.1	33053638	33053640	50	NC_035786.1	33053266	33053837
NC_035786.1	33053638	33053640	50	NC_035786.1	33053266	33053837
NC_035786.1	33053638	33053640	50	NC_035786.1	33053266	33054032
NC_035786.1	33817805	33817807	55	NC_035786.1	33817792	33817916
NC_035786.1	34083838	34083840	-59	NC_035786.1	34083789	34083961
NC_035786.1	34109667	34109669	66	NC_035786.1	34109600	34109741
NC_035786.1	34109667	34109669	66	NC_035786.1	34109600	34109741
NC_035786.1	34109667	34109669	66	NC_035786.1	34109600	34109741
NC_035786.1	34368874	34368876	-51	NC_035786.1	34368864	34368977
NC_035786.1	34368874	34368876	-51	NC_035786.1	34368864	34368977
NC_035786.1	34368874	34368876	-51	NC_035786.1	34368864	34368977
NC_035786.1	34368874	34368876	-51	NC_035786.1	34368864	34368977
NC_035786.1	34368874	34368876	-51	NC_035786.1	34368864	34368977
NC_035786.1	34368874	34368876	-51	NC_035786.1	34368864	34368977
NC_035786.1	34368874	34368876	-51	NC_035786.1	34368864	34368977
NC_035786.1	34368874	34368876	-51	NC_035786.1	34368864	34368977
NC_035786.1	38651248	38651250	-50	NC_035786.1	38651141	38651360
NC_035786.1	38653051	38653053	53	NC_035786.1	38652991	38653101
NC_035786.1	41487753	41487755	-51	NC_035786.1	41486788	41487977
NC_035786.1	41487753	41487755	-51	NC_035786.1	41486788	41487977
NC_035786.1	41487753	41487755	-51	NC_035786.1	41486788	41487977
NC_035786.1	41487753	41487755	-51	NC_035786.1	41486788	41487977
NC_035786.1	41487753	41487755	-51	NC_035786.1	41486788	41487977
NC_035786.1	41487753	41487755	-51	NC_035786.1	41486788	41487977
NC_035786.1	41487753	41487755	-51	NC_035786.1	41486788	41487977
NC_035786.1	41487753	41487755	-51	NC_035786.1	41486788	41487977
NC_035786.1	41487753	41487755	-51	NC_035786.1	41486788	41487977
NC_035786.1	41487753	41487755	-51	NC_035786.1	41486788	41487977
NC_035786.1	41487753	41487755	-51	NC_035786.1	41486788	41487977
NC_035786.1	41487753	41487755	-51	NC_035786.1	41486788	41487977
NC_035786.1	41487757	41487759	-67	NC_035786.1	41486788	41487977
NC_035786.1	41487757	41487759	-67	NC_035786.1	41486788	41487977
NC_035786.1	41487757	41487759	-67	NC_035786.1	41486788	41487977
NC_035786.1	41487757	41487759	-67	NC_035786.1	41486788	41487977
NC_035786.1	41487757	41487759	-67	NC_035786.1	41486788	41487977
NC_035786.1	41487757	41487759	-67	NC_035786.1	41486788	41487977
NC_035786.1	41487757	41487759	-67	NC_035786.1	41486788	41487977
NC_035786.1	41487757	41487759	-67	NC_035786.1	41486788	41487977
NC_035786.1	41487757	41487759	-67	NC_035786.1	41486788	41487977
NC_035786.1	41487757	41487759	-67	NC_035786.1	41486788	41487977
NC_035786.1	41487757	41487759	-67	NC_035786.1	41486788	41487977
NC_035786.1	41487757	41487759	-67	NC_035786.1	41486788	41487977
NC_035786.1	41491819	41491821	50	NC_035786.1	41491541	41492284
NC_035786.1	41491819	41491821	50	NC_035786.1	41491541	41492284
NC_035786.1	41491819	41491821	50	NC_035786.1	41491541	41492284
NC_035786.1	41491819	41491821	50	NC_035786.1	41491541	41492284
NC_035786.1	41491819	41491821	50	NC_035786.1	41491541	41492284
NC_035786.1	41491819	41491821	50	NC_035786.1	41491541	41492284
NC_035786.1	41491819	41491821	50	NC_035786.1	41491541	41492284
NC_035786.1	41491819	41491821	50	NC_035786.1	41491541	41492284
NC_035786.1	41491819	41491821	50	NC_035786.1	41491541	41492284
NC_035786.1	41491819	41491821	50	NC_035786.1	41491541	41492284
NC_035786.1	41491819	41491821	50	NC_035786.1	41491541	41492284
NC_035786.1	41491819	41491821	50	NC_035786.1	41491541	41492284
NC_035786.1	42150386	42150388	-51	NC_035786.1	42150374	42150515
NC_035786.1	42150386	42150388	-51	NC_035786.1	42150374	42150515
NC_035786.1	42411776	42411778	-64	NC_035786.1	42411731	42411936
NC_035786.1	42411776	42411778	-64	NC_035786.1	42411731	42411936
NC_035786.1	42411776	42411778	-64	NC_035786.1	42411731	42411936
NC_035786.1	42411776	42411778	-64	NC_035786.1	42411731	42411936
NC_035786.1	42411776	42411778	-64	NC_035786.1	42411731	42411936
NC_035786.1	42411776	42411778	-64	NC_035786.1	42411731	42411936
NC_035786.1	42411776	42411778	-64	NC_035786.1	42411731	42411936
NC_035786.1	42411776	42411778	-64	NC_035786.1	42411731	42411936
NC_035786.1	42411776	42411778	-64	NC_035786.1	42411731	42411936
NC_035786.1	42411776	42411778	-64	NC_035786.1	42411731	42411936
NC_035786.1	42411776	42411778	-64	NC_035786.1	42411731	42411936
NC_035786.1	42411776	42411778	-64	NC_035786.1	42411731	42411936
NC_035786.1	42411776	42411778	-64	NC_035786.1	42411731	42411936
NC_035786.1	42411776	42411778	-64	NC_035786.1	42411731	42411936
NC_035786.1	42411776	42411778	-64	NC_035786.1	42411731	42411936
NC_035786.1	42411776	42411778	-64	NC_035786.1	42411731	42411936
NC_035786.1	42411776	42411778	-64	NC_035786.1	42411731	42411936
NC_035786.1	42411776	42411778	-64	NC_035786.1	42411731	42411936
NC_035786.1	42411776	42411778	-64	NC_035786.1	42411731	42411936
NC_035786.1	42411776	42411778	-64	NC_035786.1	42411731	42411936
NC_035786.1	42411776	42411778	-64	NC_035786.1	42411731	42411936
NC_035786.1	42411776	42411778	-64	NC_035786.1	42411731	42411936
NC_035786.1	42411776	42411778	-64	NC_035786.1	42411731	42411936
NC_035786.1	42411776	42411778	-64	NC_035786.1	42411731	42411936
NC_035786.1	42411776	42411778	-64	NC_035786.1	42411731	42411936
NC_035786.1	42411776	42411778	-64	NC_035786.1	42411731	42411936
NC_035786.1	42411776	42411778	-64	NC_035786.1	42411731	42411936
NC_035786.1	42411776	42411778	-64	NC_035786.1	42411731	42411936
NC_035786.1	42411776	42411778	-64	NC_035786.1	42411731	42411936
NC_035786.1	42414569	42414571	56	NC_035786.1	42413856	42415196
NC_035786.1	42414569	42414571	56	NC_035786.1	42413856	42415196
NC_035786.1	42414569	42414571	56	NC_035786.1	42413856	42415196
NC_035786.1	42414569	42414571	56	NC_035786.1	42413856	42415196
NC_035786.1	42414569	42414571	56	NC_035786.1	42413856	42415196
NC_035786.1	42414569	42414571	56	NC_035786.1	42413856	42415196
NC_035786.1	42414569	42414571	56	NC_035786.1	42413856	42415196
NC_035786.1	42414569	42414571	56	NC_035786.1	42413856	42415196
NC_035786.1	42414569	42414571	56	NC_035786.1	42413856	42415196
NC_035786.1	42414569	42414571	56	NC_035786.1	42413856	42415196
NC_035786.1	42414569	42414571	56	NC_035786.1	42413856	42415196
NC_035786.1	42414569	42414571	56	NC_035786.1	42413856	42415196
NC_035786.1	42414569	42414571	56	NC_035786.1	42413856	42415196
NC_035786.1	42414569	42414571	56	NC_035786.1	42413856	42415196
NC_035786.1	42414569	42414571	56	NC_035786.1	42413856	42415196
NC_035786.1	42414569	42414571	56	NC_035786.1	42413856	42415196
NC_035786.1	42414569	42414571	56	NC_035786.1	42413856	42415196
NC_035786.1	42414569	42414571	56	NC_035786.1	42413856	42415196
NC_035786.1	42414569	42414571	56	NC_035786.1	42413856	42415196
NC_035786.1	42414569	42414571	56	NC_035786.1	42413856	42415196
NC_035786.1	42414569	42414571	56	NC_035786.1	42413856	42415196
NC_035786.1	42414569	42414571	56	NC_035786.1	42413856	42415196
NC_035786.1	42414569	42414571	56	NC_035786.1	42413856	42415196
NC_035786.1	42414569	42414571	56	NC_035786.1	42413856	42415196
NC_035786.1	42414569	42414571	56	NC_035786.1	42413856	42415196
NC_035786.1	42414569	42414571	56	NC_035786.1	42413856	42415196
NC_035786.1	42414569	42414571	56	NC_035786.1	42413856	42415196
NC_035786.1	42414569	42414571	56	NC_035786.1	42413856	42415196
NC_035786.1	42414569	42414571	56	NC_035786.1	42413856	42415196
NC_035786.1	42447008	42447010	-61	NC_035786.1	42446984	42447063
NC_035786.1	42515699	42515701	52	NC_035786.1	42515396	42516152
NC_035786.1	42515699	42515701	52	NC_035786.1	42515396	42516152
NC_035786.1	42515699	42515701	52	NC_035786.1	42515397	42516152
NC_035786.1	42515699	42515701	52	NC_035786.1	42515397	42516152
NC_035786.1	42548090	42548092	50	NC_035786.1	42548060	42548185
NC_035786.1	43235781	43235783	-53	NC_035786.1	43235779	43235973
NC_035786.1	43235781	43235783	-53	NC_035786.1	43235779	43235973
NC_035786.1	43235781	43235783	-53	NC_035786.1	43235779	43235973
NC_035786.1	43256645	43256647	-59	NC_035786.1	43255680	43256869
NC_035786.1	43256645	43256647	-59	NC_035786.1	43255680	43256869
NC_035786.1	43256645	43256647	-59	NC_035786.1	43255680	43256869
NC_035786.1	43256645	43256647	-59	NC_035786.1	43255680	43256869
NC_035786.1	43256645	43256647	-59	NC_035786.1	43255680	43256869
NC_035786.1	43256645	43256647	-59	NC_035786.1	43255680	43256869
NC_035786.1	43256645	43256647	-59	NC_035786.1	43255680	43256869
NC_035786.1	43256645	43256647	-59	NC_035786.1	43255680	43256869
NC_035786.1	43256645	43256647	-59	NC_035786.1	43255680	43256869
NC_035786.1	43256645	43256647	-59	NC_035786.1	43255680	43256869
NC_035786.1	43256645	43256647	-59	NC_035786.1	43255680	43256869
NC_035786.1	43256645	43256647	-59	NC_035786.1	43255680	43256869
NC_035786.1	50905232	50905234	50	NC_035786.1	50905030	50905536
NC_035786.1	50905232	50905234	50	NC_035786.1	50905030	50905536
NC_035786.1	50905232	50905234	50	NC_035786.1	50905030	50905536
NC_035786.1	50905232	50905234	50	NC_035786.1	50905030	50905536
NC_035786.1	50905232	50905234	50	NC_035786.1	50905030	50905536
NC_035786.1	50905232	50905234	50	NC_035786.1	50905030	50905536
NC_035786.1	50905232	50905234	50	NC_035786.1	50905030	50905536
NC_035786.1	50905232	50905234	50	NC_035786.1	50905030	50905536
NC_035786.1	50905232	50905234	50	NC_035786.1	50905030	50905536
NC_035786.1	50905232	50905234	50	NC_035786.1	50905030	50905536
NC_035786.1	53586488	53586490	-51	NC_035786.1	53586308	53586675
NC_035786.1	53586488	53586490	-51	NC_035786.1	53586308	53586675
NC_035786.1	57121446	57121448	56	NC_035786.1	57121378	57121482
NC_035787.1	2052510	2052512	55	NC_035787.1	2052390	2052614
NC_035787.1	2052510	2052512	55	NC_035787.1	2052390	2052614
NC_035787.1	7855102	7855104	-51	NC_035787.1	7855005	7855189
NC_035787.1	7855120	7855122	-63	NC_035787.1	7855005	7855189
NC_035787.1	8607355	8607357	50	NC_035787.1	8607194	8607402
NC_035787.1	8650892	8650894	-50	NC_035787.1	8650836	8650938
NC_035787.1	14736343	14736345	56	NC_035787.1	14736299	14736462
NC_035787.1	18018536	18018538	52	NC_035787.1	18018448	18018598
NC_035787.1	18018536	18018538	52	NC_035787.1	18018448	18018598
NC_035787.1	19062109	19062111	-51	NC_035787.1	19061825	19065842
NC_035787.1	19062109	19062111	-51	NC_035787.1	19061825	19065842
NC_035787.1	23056762	23056764	-55	NC_035787.1	23056214	23057097
NC_035787.1	26136336	26136338	-58	NC_035787.1	26136291	26136449
NC_035787.1	26136336	26136338	-58	NC_035787.1	26136291	26136449
NC_035787.1	26136336	26136338	-58	NC_035787.1	26136291	26136449
NC_035787.1	26136336	26136338	-58	NC_035787.1	26136291	26136449
NC_035787.1	26136336	26136338	-58	NC_035787.1	26136291	26136449
NC_035787.1	26136336	26136338	-58	NC_035787.1	26136291	26136449
NC_035787.1	26136336	26136338	-58	NC_035787.1	26136291	26136449
NC_035787.1	35987931	35987933	-68	NC_035787.1	35987899	35988111
NC_035787.1	35987931	35987933	-68	NC_035787.1	35987899	35988111
NC_035787.1	35987931	35987933	-68	NC_035787.1	35987899	35988111
NC_035787.1	35987931	35987933	-68	NC_035787.1	35987899	35988111
NC_035787.1	35987931	35987933	-68	NC_035787.1	35987899	35988111
NC_035787.1	35987931	35987933	-68	NC_035787.1	35987899	35988111
NC_035787.1	35987931	35987933	-68	NC_035787.1	35987899	35988111
NC_035787.1	35987931	35987933	-68	NC_035787.1	35987899	35988111
NC_035787.1	35987931	35987933	-68	NC_035787.1	35987899	35988111
NC_035787.1	35987931	35987933	-68	NC_035787.1	35987899	35988111
NC_035787.1	35987931	35987933	-68	NC_035787.1	35987899	35988111
NC_035787.1	35987931	35987933	-68	NC_035787.1	35987899	35988111
NC_035787.1	35987931	35987933	-68	NC_035787.1	35987899	35988111
NC_035787.1	35987931	35987933	-68	NC_035787.1	35987899	35988111
NC_035787.1	35987931	35987933	-68	NC_035787.1	35987899	35988111
NC_035787.1	35987931	35987933	-68	NC_035787.1	35987899	35988111
NC_035787.1	35987931	35987933	-68	NC_035787.1	35987899	35988111
NC_035787.1	35987931	35987933	-68	NC_035787.1	35987899	35988111
NC_035787.1	35987931	35987933	-68	NC_035787.1	35987899	35988111
NC_035787.1	40995376	40995378	69	NC_035787.1	40994302	40995500
NC_035787.1	41010273	41010275	52	NC_035787.1	41009803	41010595
NC_035787.1	41010273	41010275	52	NC_035787.1	41009803	41010595
NC_035787.1	41010273	41010275	52	NC_035787.1	41009803	41010595
NC_035787.1	41010273	41010275	52	NC_035787.1	41009803	41010595
NC_035787.1	44144692	44144694	50	NC_035787.1	44143790	44145407
NC_035787.1	44144692	44144694	50	NC_035787.1	44143791	44145407
NC_035787.1	44144692	44144694	50	NC_035787.1	44143791	44145407
NC_035787.1	45660028	45660030	-57	NC_035787.1	45659990	45660198
NC_035787.1	45660028	45660030	-57	NC_035787.1	45659990	45660198
NC_035787.1	45660028	45660030	-57	NC_035787.1	45659990	45660198
NC_035787.1	46132617	46132619	-52	NC_035787.1	46131608	46132775
NC_035787.1	46132617	46132619	-52	NC_035787.1	46131608	46132775
NC_035787.1	47224356	47224358	-50	NC_035787.1	47224305	47224606
NC_035787.1	47990101	47990103	-68	NC_035787.1	47990015	47990167
NC_035787.1	48000627	48000629	-54	NC_035787.1	48000153	48002428
NC_035787.1	51474326	51474328	-55	NC_035787.1	51473764	51474525
NC_035787.1	51474326	51474328	-55	NC_035787.1	51473764	51474525
NC_035787.1	53342424	53342426	-57	NC_035787.1	53342294	53342560
NC_035787.1	53342424	53342426	-57	NC_035787.1	53342294	53342560
NC_035787.1	53342424	53342426	-57	NC_035787.1	53342294	53342560
NC_035787.1	53342424	53342426	-57	NC_035787.1	53342294	53342560
NC_035787.1	53342424	53342426	-57	NC_035787.1	53342294	53342560
NC_035787.1	53342424	53342426	-57	NC_035787.1	53342294	53342560
NC_035787.1	53342424	53342426	-57	NC_035787.1	53342294	53342560
NC_035787.1	53342424	53342426	-57	NC_035787.1	53342294	53342560
NC_035787.1	53342424	53342426	-57	NC_035787.1	53342294	53342560
NC_035787.1	53342424	53342426	-57	NC_035787.1	53342294	53342560
NC_035787.1	53342424	53342426	-57	NC_035787.1	53342294	53342560
NC_035787.1	53342424	53342426	-57	NC_035787.1	53342294	53342560
NC_035787.1	53342424	53342426	-57	NC_035787.1	53342294	53342560
NC_035787.1	53342424	53342426	-57	NC_035787.1	53342294	53342560
NC_035787.1	53342424	53342426	-57	NC_035787.1	53342294	53342560
NC_035787.1	54652599	54652601	60	NC_035787.1	54652511	54652621
NC_035787.1	54652599	54652601	60	NC_035787.1	54652511	54652621
NC_035787.1	55630869	55630871	-59	NC_035787.1	55630661	55631418
NC_035787.1	55858947	55858949	50	NC_035787.1	55858445	55859399
NC_035787.1	55936731	55936733	-50	NC_035787.1	55936697	55936823
NC_035787.1	55936731	55936733	-50	NC_035787.1	55936697	55936823
NC_035787.1	55936731	55936733	-50	NC_035787.1	55936697	55936823
NC_035787.1	55936731	55936733	-50	NC_035787.1	55936697	55936823
NC_035787.1	55936731	55936733	-50	NC_035787.1	55936697	55936823
NC_035787.1	56242010	56242012	-51	NC_035787.1	56241898	56242044
NC_035787.1	56242010	56242012	-51	NC_035787.1	56241898	56242044
NC_035787.1	56242010	56242012	-51	NC_035787.1	56241898	56242044
NC_035787.1	56242010	56242012	-51	NC_035787.1	56241898	56242044
NC_035787.1	56242010	56242012	-51	NC_035787.1	56241898	56242044
NC_035787.1	56242010	56242012	-51	NC_035787.1	56241898	56242044
NC_035787.1	56242010	56242012	-51	NC_035787.1	56241898	56242044
NC_035787.1	56242010	56242012	-51	NC_035787.1	56241898	56242044
NC_035787.1	56242010	56242012	-51	NC_035787.1	56241898	56242044
NC_035787.1	56242010	56242012	-51	NC_035787.1	56241898	56242044
NC_035787.1	56242010	56242012	-51	NC_035787.1	56241898	56242044
NC_035787.1	56242010	56242012	-51	NC_035787.1	56241898	56242044
NC_035787.1	56242010	56242012	-51	NC_035787.1	56241898	56242044
NC_035787.1	56242010	56242012	-51	NC_035787.1	56241898	56242044
NC_035787.1	59103898	59103900	-53	NC_035787.1	59103835	59103968
NC_035787.1	59147923	59147925	-50	NC_035787.1	59147405	59149061
NC_035787.1	59176225	59176227	-61	NC_035787.1	59176161	59176385
NC_035787.1	59176225	59176227	-61	NC_035787.1	59176161	59176385
NC_035787.1	59176225	59176227	-61	NC_035787.1	59176161	59176385
NC_035787.1	59176225	59176227	-61	NC_035787.1	59176161	59176385
NC_035787.1	59176225	59176227	-61	NC_035787.1	59176161	59176385
NC_035787.1	59437352	59437354	-58	NC_035787.1	59437254	59438191
NC_035787.1	61702194	61702196	52	NC_035787.1	61702042	61702269
NC_035787.1	61910996	61910998	-59	NC_035787.1	61910840	61911049
NC_035787.1	61910996	61910998	-59	NC_035787.1	61910840	61911049
NC_035787.1	64163921	64163923	56	NC_035787.1	64163774	64164999
NC_035787.1	64163921	64163923	56	NC_035787.1	64163774	64164999
NC_035787.1	64163923	64163925	51	NC_035787.1	64163774	64164999
NC_035787.1	64163923	64163925	51	NC_035787.1	64163774	64164999
NC_035787.1	69040756	69040758	51	NC_035787.1	69040553	69040840
NC_035787.1	69040756	69040758	51	NC_035787.1	69040553	69040840
NC_035787.1	69040756	69040758	51	NC_035787.1	69040553	69040840
NC_035787.1	69040756	69040758	51	NC_035787.1	69040553	69040840
NC_035787.1	69874029	69874031	-59	NC_035787.1	69873869	69874038
NC_035787.1	69874029	69874031	-59	NC_035787.1	69873869	69874038
NC_035787.1	70578758	70578760	-54	NC_035787.1	70578635	70578922
NC_035787.1	70578758	70578760	-54	NC_035787.1	70578635	70578922
NC_035787.1	70578758	70578760	-54	NC_035787.1	70578635	70578922
NC_035787.1	72586548	72586550	52	NC_035787.1	72586461	72586624
NC_035787.1	72590356	72590358	63	NC_035787.1	72590297	72591011
NC_035787.1	73255302	73255304	64	NC_035787.1	73255184	73255312
NC_035787.1	73806756	73806758	-50	NC_035787.1	73806678	73807010
NC_035787.1	73806756	73806758	-50	NC_035787.1	73806678	73807010
NC_035787.1	73806756	73806758	-50	NC_035787.1	73806678	73807010
NC_035787.1	73806756	73806758	-50	NC_035787.1	73806678	73807010
NC_035787.1	74014234	74014236	-59	NC_035787.1	74013792	74014368
NC_035787.1	75185537	75185539	54	NC_035787.1	75185408	75185576
NC_035788.1	3144297	3144299	50	NC_035788.1	3144014	3144552
NC_035788.1	3144297	3144299	50	NC_035788.1	3144014	3144552
NC_035788.1	11940134	11940136	52	NC_035788.1	11938503	11940535
NC_035788.1	11942446	11942448	-66	NC_035788.1	11942367	11942568
NC_035788.1	20566858	20566860	-62	NC_035788.1	20565994	20567969
NC_035788.1	22718207	22718208	63	NC_035788.1	22718207	22718326
NC_035788.1	22718207	22718208	63	NC_035788.1	22718207	22718326
NC_035788.1	46203996	46203998	-59	NC_035788.1	46203944	46204089
NC_035788.1	46203996	46203998	-59	NC_035788.1	46203944	46204089
NC_035788.1	46203996	46203998	-59	NC_035788.1	46203944	46204089
NC_035788.1	46203996	46203998	-59	NC_035788.1	46203944	46204089
NC_035788.1	46203996	46203998	-59	NC_035788.1	46203944	46204089
NC_035788.1	46203996	46203998	-59	NC_035788.1	46203944	46204089
NC_035788.1	46203996	46203998	-59	NC_035788.1	46203944	46204089
NC_035788.1	46203996	46203998	-59	NC_035788.1	46203944	46204089
NC_035788.1	46203996	46203998	-59	NC_035788.1	46203944	46204089
NC_035788.1	46203996	46203998	-59	NC_035788.1	46203944	46204089
NC_035788.1	46203996	46203998	-59	NC_035788.1	46203944	46204089
NC_035788.1	46203996	46203998	-59	NC_035788.1	46203944	46204089
NC_035788.1	48218753	48218755	58	NC_035788.1	48218752	48223066
NC_035788.1	48218753	48218755	58	NC_035788.1	48218752	48223066
NC_035788.1	48218753	48218755	58	NC_035788.1	48218752	48223066
NC_035788.1	48218753	48218755	58	NC_035788.1	48218752	48223066
NC_035788.1	48523419	48523421	57	NC_035788.1	48523357	48523542
NC_035788.1	48523419	48523421	57	NC_035788.1	48523357	48523542
NC_035788.1	48523419	48523421	57	NC_035788.1	48523357	48523542
NC_035788.1	48523419	48523421	57	NC_035788.1	48523357	48523542
NC_035788.1	48523419	48523421	57	NC_035788.1	48523357	48523542
NC_035788.1	48523419	48523421	57	NC_035788.1	48523357	48523542
NC_035788.1	48523419	48523421	57	NC_035788.1	48523357	48523542
NC_035788.1	48523419	48523421	57	NC_035788.1	48523357	48523542
NC_035788.1	48523419	48523421	57	NC_035788.1	48523357	48523542
NC_035788.1	48523419	48523421	57	NC_035788.1	48523357	48523542
NC_035788.1	48523419	48523421	57	NC_035788.1	48523357	48523542
NC_035788.1	48523419	48523421	57	NC_035788.1	48523357	48523542
NC_035788.1	48523419	48523421	57	NC_035788.1	48523357	48523542
NC_035788.1	48523419	48523421	57	NC_035788.1	48523357	48523542
NC_035788.1	48523419	48523421	57	NC_035788.1	48523357	48523542
NC_035788.1	48523419	48523421	57	NC_035788.1	48523357	48523542
NC_035788.1	48523419	48523421	57	NC_035788.1	48523357	48523542
NC_035788.1	48523419	48523421	57	NC_035788.1	48523357	48523542
NC_035788.1	51732938	51732940	57	NC_035788.1	51732885	51732977
NC_035788.1	53499669	53499671	57	NC_035788.1	53499567	53499762
NC_035788.1	56054092	56054094	-55	NC_035788.1	56054007	56054156
NC_035788.1	56054101	56054103	-56	NC_035788.1	56054007	56054156
NC_035788.1	56054535	56054537	-51	NC_035788.1	56054456	56054844
NC_035788.1	59007351	59007353	-53	NC_035788.1	59007300	59007399
NC_035788.1	64582353	64582355	-68	NC_035788.1	64582311	64582361
NC_035788.1	65572754	65572756	51	NC_035788.1	65572373	65573162
NC_035788.1	65573006	65573008	51	NC_035788.1	65572373	65573162
NC_035788.1	65579240	65579242	-56	NC_035788.1	65579066	65579757
NC_035788.1	65579240	65579242	-56	NC_035788.1	65579066	65579757
NC_035788.1	65581767	65581769	-70	NC_035788.1	65581615	65582110
NC_035788.1	65581767	65581769	-70	NC_035788.1	65581615	65582113
NC_035788.1	65581782	65581784	-74	NC_035788.1	65581615	65582110
NC_035788.1	65581782	65581784	-74	NC_035788.1	65581615	65582113
NC_035788.1	66163901	66163903	58	NC_035788.1	66163824	66164060
NC_035788.1	66170050	66170052	-63	NC_035788.1	66170002	66170124
NC_035788.1	67025454	67025456	-56	NC_035788.1	67024627	67025516
NC_035788.1	67025454	67025456	-56	NC_035788.1	67024627	67025516
NC_035788.1	67025454	67025456	-56	NC_035788.1	67025305	67025516
NC_035788.1	70228504	70228506	54	NC_035788.1	70228447	70228559
NC_035788.1	70231741	70231743	52	NC_035788.1	70231569	70231769
NC_035788.1	70761661	70761663	55	NC_035788.1	70761224	70762813
NC_035788.1	70996375	70996377	68	NC_035788.1	70996205	70996405
NC_035788.1	70996375	70996377	68	NC_035788.1	70996205	70996405
NC_035788.1	71239721	71239723	53	NC_035788.1	71239346	71241049
NC_035788.1	71239721	71239723	53	NC_035788.1	71239346	71243259
NC_035788.1	75693189	75693191	53	NC_035788.1	75693106	75693363
NC_035788.1	76059469	76059471	-50	NC_035788.1	76059440	76059589
NC_035788.1	76059469	76059471	-50	NC_035788.1	76059440	76059589
NC_035788.1	76059469	76059471	-50	NC_035788.1	76059440	76059589
NC_035788.1	76059472	76059474	-68	NC_035788.1	76059440	76059589
NC_035788.1	76059472	76059474	-68	NC_035788.1	76059440	76059589
NC_035788.1	76059472	76059474	-68	NC_035788.1	76059440	76059589
NC_035788.1	77344602	77344603	54	NC_035788.1	77344602	77344779
NC_035788.1	80521352	80521354	61	NC_035788.1	80521241	80523048
NC_035788.1	92754573	92754575	60	NC_035788.1	92753957	92755408
NC_035788.1	92760343	92760345	-53	NC_035788.1	92759329	92761301
NC_035788.1	92760343	92760345	-53	NC_035788.1	92759329	92761301
NC_035788.1	92760343	92760345	-53	NC_035788.1	92759329	92761301
NC_035789.1	4916414	4916416	53	NC_035789.1	4914695	4917578
NC_035789.1	4916414	4916416	53	NC_035789.1	4914695	4917578
NC_035789.1	4916414	4916416	53	NC_035789.1	4914695	4917578
NC_035789.1	5560270	5560272	-51	NC_035789.1	5560099	5560321
NC_035789.1	7302117	7302119	-50	NC_035789.1	7302031	7302173
NC_035789.1	7302117	7302119	-50	NC_035789.1	7302031	7302173
NC_035789.1	7302117	7302119	-50	NC_035789.1	7302031	7302173
NC_035789.1	7302117	7302119	-50	NC_035789.1	7302031	7302173
NC_035789.1	7302117	7302119	-50	NC_035789.1	7302031	7302173
NC_035789.1	7302117	7302119	-50	NC_035789.1	7302031	7302173
NC_035789.1	7302117	7302119	-50	NC_035789.1	7302031	7302173
NC_035789.1	7302117	7302119	-50	NC_035789.1	7302031	7302173
NC_035789.1	7302117	7302119	-50	NC_035789.1	7302031	7302173
NC_035789.1	7302117	7302119	-50	NC_035789.1	7302031	7302173
NC_035789.1	7302117	7302119	-50	NC_035789.1	7302031	7302173
NC_035789.1	7947063	7947065	57	NC_035789.1	7946826	7947166
NC_035789.1	7947063	7947065	57	NC_035789.1	7946826	7947166
NC_035789.1	7947063	7947065	57	NC_035789.1	7946826	7947166
NC_035789.1	7947063	7947065	57	NC_035789.1	7946827	7947166
NC_035789.1	7947063	7947065	57	NC_035789.1	7946827	7947166
NC_035789.1	7947063	7947065	57	NC_035789.1	7946827	7947166
NC_035789.1	7947063	7947065	57	NC_035789.1	7946827	7947166
NC_035789.1	7947063	7947065	57	NC_035789.1	7946827	7947166
NC_035789.1	7947063	7947065	57	NC_035789.1	7946828	7947166
NC_035789.1	7947063	7947065	57	NC_035789.1	7946828	7947166
NC_035789.1	7947063	7947065	57	NC_035789.1	7946828	7947166
NC_035789.1	7947063	7947065	57	NC_035789.1	7946829	7947166
NC_035789.1	9432286	9432288	-51	NC_035789.1	9432167	9432309
NC_035789.1	9432286	9432288	-51	NC_035789.1	9432167	9432309
NC_035789.1	9432286	9432288	-51	NC_035789.1	9432167	9432309
NC_035789.1	10721393	10721395	55	NC_035789.1	10721361	10721566
NC_035789.1	10721393	10721395	55	NC_035789.1	10721361	10721566
NC_035789.1	23133845	23133847	-51	NC_035789.1	23133769	23133963
NC_035789.1	23133845	23133847	-51	NC_035789.1	23133769	23133963
NC_035789.1	23133845	23133847	-51	NC_035789.1	23133769	23133963
NC_035789.1	23133845	23133847	-51	NC_035789.1	23133769	23133963
