NC_035780.1	401630	401632	53	NC_035780.1	401604	401800
NC_035780.1	1882691	1882693	64	NC_035780.1	1882355	1882971
NC_035780.1	1885022	1885024	61	NC_035780.1	1884754	1886042
NC_035780.1	1933499	1933501	51	NC_035780.1	1932876	1933573
NC_035780.1	2584492	2584494	56	NC_035780.1	2584153	2584504
NC_035780.1	8833124	8833126	60	NC_035780.1	8832171	8833699
NC_035780.1	27396182	27396184	52	NC_035780.1	27396140	27396706
NC_035780.1	32766797	32766799	58	NC_035780.1	32766346	32769863
NC_035780.1	32766797	32766799	58	NC_035780.1	32766346	32769863
NC_035780.1	38236493	38236495	50	NC_035780.1	38236121	38236506
NC_035780.1	55852212	55852214	58	NC_035780.1	55852062	55852336
NC_035781.1	275904	275906	53	NC_035781.1	275741	275931
NC_035781.1	22439769	22439771	53	NC_035781.1	22437653	22442958
NC_035781.1	24474567	24474569	53	NC_035781.1	24473564	24474586
NC_035781.1	28525219	28525221	50	NC_035781.1	28524794	28526636
NC_035781.1	29126963	29126965	51	NC_035781.1	29126706	29127029
NC_035781.1	29385292	29385294	56	NC_035781.1	29385273	29385359
NC_035781.1	37444181	37444183	56	NC_035781.1	37442451	37444492
NC_035781.1	43382430	43382432	52	NC_035781.1	43382263	43382467
NC_035781.1	47215727	47215729	52	NC_035781.1	47214786	47215755
NC_035781.1	49000882	49000884	61	NC_035781.1	49000124	49007859
NC_035781.1	53358699	53358701	56	NC_035781.1	53358683	53358814
NC_035781.1	56296256	56296258	63	NC_035781.1	56294747	56296312
NC_035781.1	59274911	59274913	61	NC_035781.1	59274798	59275118
NC_035781.1	59698879	59698881	66	NC_035781.1	59697565	59698976
NC_035782.1	4729348	4729350	55	NC_035782.1	4727997	4730316
NC_035782.1	29760016	29760018	50	NC_035782.1	29759253	29763758
NC_035782.1	45857195	45857197	52	NC_035782.1	45855582	45860248
NC_035782.1	46793650	46793652	58	NC_035782.1	46792993	46796369
NC_035782.1	48662582	48662584	60	NC_035782.1	48662564	48665979
NC_035782.1	53693367	53693369	61	NC_035782.1	53692394	53693699
NC_035782.1	61203970	61203972	51	NC_035782.1	61203444	61205607
NC_035782.1	63438236	63438238	68	NC_035782.1	63437799	63438946
NC_035783.1	4336100	4336102	63	NC_035783.1	4334085	4337128
NC_035783.1	16217946	16217948	53	NC_035783.1	16217719	16218952
NC_035783.1	17850324	17850326	54	NC_035783.1	17842000	17852474
NC_035783.1	19545473	19545475	50	NC_035783.1	19545462	19545678
NC_035783.1	20710045	20710047	61	NC_035783.1	20709028	20712131
NC_035783.1	20710063	20710065	61	NC_035783.1	20709028	20712131
NC_035783.1	20710091	20710093	83	NC_035783.1	20709028	20712131
NC_035783.1	20844034	20844036	70	NC_035783.1	20843816	20844078
NC_035783.1	21076506	21076508	50	NC_035783.1	21076503	21077492
NC_035783.1	23130125	23130127	53	NC_035783.1	23124979	23130969
NC_035783.1	29749414	29749416	57	NC_035783.1	29748541	29749849
NC_035783.1	30386525	30386527	52	NC_035783.1	30385894	30390263
NC_035783.1	36262747	36262749	57	NC_035783.1	36261736	36262822
NC_035783.1	46125338	46125340	51	NC_035783.1	46124927	46126966
NC_035783.1	47273229	47273231	56	NC_035783.1	47263911	47279727
NC_035783.1	57926772	57926774	65	NC_035783.1	57926423	57927007
NC_035783.1	57931740	57931742	50	NC_035783.1	57931499	57931841
NC_035784.1	3040122	3040124	50	NC_035784.1	3039327	3042931
NC_035784.1	3631155	3631157	50	NC_035784.1	3630577	3632230
NC_035784.1	7656220	7656222	54	NC_035784.1	7656204	7656288
NC_035784.1	14145239	14145241	54	NC_035784.1	14134753	14148379
NC_035784.1	21869174	21869176	51	NC_035784.1	21868912	21882852
NC_035784.1	26800339	26800341	66	NC_035784.1	26799172	26800656
NC_035784.1	32778719	32778721	51	NC_035784.1	32777179	32779218
NC_035784.1	49941160	49941162	52	NC_035784.1	49941089	49943071
NC_035784.1	49990876	49990878	51	NC_035784.1	49990846	49991347
NC_035784.1	50724127	50724129	53	NC_035784.1	50723780	50724982
NC_035784.1	52580950	52580952	50	NC_035784.1	52580717	52581027
NC_035784.1	52601240	52601242	51	NC_035784.1	52600945	52602133
NC_035784.1	53283228	53283230	55	NC_035784.1	53282922	53283307
NC_035784.1	55379466	55379468	57	NC_035784.1	55375705	55381416
NC_035784.1	61728078	61728080	58	NC_035784.1	61727659	61728374
NC_035784.1	76218382	76218384	63	NC_035784.1	76217988	76218545
NC_035784.1	79293414	79293416	55	NC_035784.1	79290556	79294667
NC_035784.1	79841166	79841168	51	NC_035784.1	79840214	79841172
NC_035784.1	81784751	81784753	51	NC_035784.1	81784745	81785265
NC_035784.1	87874188	87874190	52	NC_035784.1	87867721	87875476
NC_035784.1	94932867	94932869	51	NC_035784.1	94930502	94936008
NC_035784.1	96552800	96552802	50	NC_035784.1	96552758	96553076
NC_035785.1	12703931	12703933	56	NC_035785.1	12703920	12704422
NC_035786.1	8624213	8624215	60	NC_035786.1	8623812	8624263
NC_035786.1	40104348	40104350	62	NC_035786.1	40104174	40104739
NC_035786.1	42612849	42612851	56	NC_035786.1	42610992	42616736
NC_035786.1	42612849	42612851	56	NC_035786.1	42610992	42616736
NC_035787.1	26805833	26805835	67	NC_035787.1	26804534	26805840
NC_035787.1	36929767	36929769	58	NC_035787.1	36880041	36931222
NC_035787.1	45654370	45654372	52	NC_035787.1	45654368	45654685
NC_035787.1	53514333	53514335	52	NC_035787.1	53513828	53517824
NC_035787.1	53528804	53528806	63	NC_035787.1	53528486	53532674
NC_035787.1	56264362	56264364	63	NC_035787.1	56264206	56264492
NC_035787.1	59175630	59175632	62	NC_035787.1	59174735	59175675
NC_035787.1	63698646	63698648	55	NC_035787.1	63698549	63698852
NC_035787.1	64479021	64479023	61	NC_035787.1	64477825	64479037
NC_035788.1	13021323	13021325	57	NC_035788.1	13021292	13022001
NC_035788.1	18651924	18651926	51	NC_035788.1	18651885	18652427
NC_035788.1	46282476	46282478	50	NC_035788.1	46281951	46282593
NC_035788.1	48520658	48520660	51	NC_035788.1	48520309	48520677
NC_035788.1	48576353	48576355	55	NC_035788.1	48576292	48577346
NC_035788.1	49531182	49531184	58	NC_035788.1	49530768	49531758
NC_035788.1	56154690	56154692	54	NC_035788.1	56154677	56155050
NC_035788.1	56161204	56161206	51	NC_035788.1	56157148	56167346
NC_035788.1	56304983	56304985	57	NC_035788.1	56304210	56305322
NC_035788.1	59053241	59053243	73	NC_035788.1	59046520	59056049
NC_035788.1	59053337	59053339	60	NC_035788.1	59046520	59056049
NC_035788.1	66989251	66989253	54	NC_035788.1	66988945	66989320
NC_035788.1	76194268	76194270	51	NC_035788.1	76193694	76194294
NC_035788.1	76194281	76194283	50	NC_035788.1	76193694	76194294
NC_035788.1	99540196	99540198	51	NC_035788.1	99539616	99542074
NC_035788.1	99540196	99540198	51	NC_035788.1	99539616	99542074
