NC_035780.1	401630	401632	53	NC_035780.1	401605	401801
NC_035780.1	1882691	1882693	64	NC_035780.1	1882356	1882972
NC_035780.1	1885022	1885024	61	NC_035780.1	1884755	1886043
NC_035780.1	1933499	1933501	51	NC_035780.1	1932877	1933574
NC_035780.1	2541726	2541728	-54	NC_035780.1	2538956	2541769
NC_035780.1	2584492	2584494	56	NC_035780.1	2584154	2584505
NC_035780.1	4288213	4288215	-58	NC_035780.1	4288129	4288231
NC_035780.1	8833124	8833126	60	NC_035780.1	8832172	8833700
NC_035780.1	15414934	15414935	51	NC_035780.1	15414677	15414935
NC_035780.1	17488958	17488960	-57	NC_035780.1	17488943	17489179
NC_035780.1	22177828	22177830	-51	NC_035780.1	22154687	22178241
NC_035780.1	25858297	25858299	-51	NC_035780.1	25858282	25863049
NC_035780.1	27396182	27396184	52	NC_035780.1	27396141	27396707
NC_035780.1	31302904	31302906	-60	NC_035780.1	31302842	31303152
NC_035780.1	31302934	31302936	-58	NC_035780.1	31302842	31303152
NC_035780.1	32717030	32717032	-52	NC_035780.1	32716796	32717180
NC_035780.1	32766797	32766799	58	NC_035780.1	32766347	32769865
NC_035780.1	35969128	35969130	-53	NC_035780.1	35969071	35986499
NC_035780.1	38236493	38236495	50	NC_035780.1	38236122	38236507
NC_035780.1	57337100	57337102	-54	NC_035780.1	57336211	57338140
NC_035781.1	275904	275906	53	NC_035781.1	275742	275932
NC_035781.1	631436	631438	-60	NC_035781.1	631290	631460
NC_035781.1	1874187	1874189	-51	NC_035781.1	1870071	1875893
NC_035781.1	10430444	10430446	-52	NC_035781.1	10429268	10430446
NC_035781.1	13281049	13281051	-51	NC_035781.1	13281011	13281750
NC_035781.1	20200244	20200246	-68	NC_035781.1	20200145	20200692
NC_035781.1	22439769	22439771	53	NC_035781.1	22437654	22442959
NC_035781.1	28525219	28525221	50	NC_035781.1	28524795	28526637
NC_035781.1	29126963	29126965	51	NC_035781.1	29126707	29127030
NC_035781.1	29385292	29385294	56	NC_035781.1	29385274	29385360
NC_035781.1	29765549	29765551	-51	NC_035781.1	29765543	29765633
NC_035781.1	37444181	37444183	56	NC_035781.1	37442452	37444493
NC_035781.1	42529448	42529450	-50	NC_035781.1	42511824	42534355
NC_035781.1	43054122	43054124	-60	NC_035781.1	43054065	43054149
NC_035781.1	43382430	43382432	52	NC_035781.1	43382264	43382468
NC_035781.1	45110203	45110205	-51	NC_035781.1	45110158	45110509
NC_035781.1	47215727	47215729	52	NC_035781.1	47214787	47215756
NC_035781.1	49000882	49000884	61	NC_035781.1	49000125	49007860
NC_035781.1	53358699	53358701	56	NC_035781.1	53358684	53358815
NC_035781.1	53364501	53364503	-58	NC_035781.1	53364400	53364507
NC_035781.1	53374025	53374027	-57	NC_035781.1	53373501	53374175
NC_035781.1	54716976	54716978	-52	NC_035781.1	54716698	54719096
NC_035781.1	56296256	56296258	63	NC_035781.1	56294748	56296313
NC_035781.1	59274911	59274913	61	NC_035781.1	59274799	59275119
NC_035781.1	59605796	59605798	-53	NC_035781.1	59605699	59605808
NC_035781.1	59696862	59696864	-51	NC_035781.1	59695962	59697486
NC_035781.1	59698879	59698881	66	NC_035781.1	59697566	59698977
NC_035781.1	59742649	59742651	-65	NC_035781.1	59742523	59743115
NC_035782.1	4729348	4729350	55	NC_035782.1	4727998	4730318
NC_035782.1	6675419	6675421	-50	NC_035782.1	6675062	6679236
NC_035782.1	29760016	29760018	50	NC_035782.1	29759254	29763759
NC_035782.1	34280754	34280756	-50	NC_035782.1	34274310	34292609
NC_035782.1	34498893	34498895	-55	NC_035782.1	34489971	34503555
NC_035782.1	34498895	34498897	-71	NC_035782.1	34489971	34503555
NC_035782.1	45857195	45857197	52	NC_035782.1	45855583	45860249
NC_035782.1	46793650	46793652	58	NC_035782.1	46792994	46796370
NC_035782.1	48662582	48662584	60	NC_035782.1	48662565	48665981
NC_035782.1	49575756	49575758	-61	NC_035782.1	49575447	49576142
NC_035782.1	53693367	53693369	61	NC_035782.1	53692395	53693700
NC_035782.1	61203970	61203972	51	NC_035782.1	61203445	61205608
NC_035782.1	63438236	63438238	68	NC_035782.1	63437800	63438947
NC_035783.1	4336100	4336102	63	NC_035783.1	4334086	4337129
NC_035783.1	8555952	8555954	-59	NC_035783.1	8555746	8556699
NC_035783.1	16217946	16217948	53	NC_035783.1	16217720	16218953
NC_035783.1	17850324	17850326	54	NC_035783.1	17842001	17852475
NC_035783.1	19545473	19545475	50	NC_035783.1	19545463	19545679
NC_035783.1	20710045	20710047	61	NC_035783.1	20709029	20712132
NC_035783.1	20710063	20710065	61	NC_035783.1	20709029	20712132
NC_035783.1	20710091	20710093	83	NC_035783.1	20709029	20712132
NC_035783.1	20844034	20844036	70	NC_035783.1	20843817	20844079
NC_035783.1	21076506	21076508	50	NC_035783.1	21076504	21077493
NC_035783.1	22609860	22609862	-56	NC_035783.1	22608959	22609952
NC_035783.1	23130125	23130127	53	NC_035783.1	23124980	23130970
NC_035783.1	23674165	23674167	-62	NC_035783.1	23659691	23674702
NC_035783.1	26034430	26034432	-52	NC_035783.1	26033585	26035525
NC_035783.1	29749414	29749416	57	NC_035783.1	29748542	29749850
NC_035783.1	30386525	30386527	52	NC_035783.1	30385895	30390264
NC_035783.1	32417238	32417240	-60	NC_035783.1	32415957	32424080
NC_035783.1	36262747	36262749	57	NC_035783.1	36261737	36262823
NC_035783.1	42295607	42295609	-51	NC_035783.1	42295591	42296278
NC_035783.1	46125338	46125340	51	NC_035783.1	46124928	46126967
NC_035783.1	47273229	47273231	56	NC_035783.1	47263912	47279728
NC_035783.1	48434286	48434288	-53	NC_035783.1	48433950	48437145
NC_035783.1	49079096	49079098	-50	NC_035783.1	49076439	49079112
NC_035783.1	57925335	57925337	-58	NC_035783.1	57925320	57925968
NC_035783.1	57926772	57926774	65	NC_035783.1	57926424	57927008
NC_035783.1	57931740	57931742	50	NC_035783.1	57931500	57931842
NC_035784.1	1924233	1924235	-53	NC_035784.1	1923872	1924386
NC_035784.1	2256854	2256856	-52	NC_035784.1	2256332	2256875
NC_035784.1	3040122	3040124	50	NC_035784.1	3039328	3042932
NC_035784.1	3631155	3631157	50	NC_035784.1	3630578	3632231
NC_035784.1	5236070	5236072	-53	NC_035784.1	5234343	5236598
NC_035784.1	7656220	7656222	54	NC_035784.1	7656205	7656289
NC_035784.1	8331780	8331782	-51	NC_035784.1	8330961	8333796
NC_035784.1	9477059	9477061	-55	NC_035784.1	9476298	9477687
NC_035784.1	10016144	10016146	-56	NC_035784.1	10016130	10016464
NC_035784.1	14145239	14145241	54	NC_035784.1	14134754	14148381
NC_035784.1	14247055	14247057	-59	NC_035784.1	14245390	14247528
NC_035784.1	14259080	14259082	-50	NC_035784.1	14257504	14262620
NC_035784.1	21410057	21410059	-59	NC_035784.1	21407846	21410338
NC_035784.1	21410064	21410066	-56	NC_035784.1	21407846	21410338
NC_035784.1	21869174	21869176	51	NC_035784.1	21868913	21882854
NC_035784.1	22572278	22572280	-57	NC_035784.1	22571219	22572803
NC_035784.1	26800339	26800341	66	NC_035784.1	26799173	26800657
NC_035784.1	32778719	32778721	51	NC_035784.1	32777180	32779219
NC_035784.1	33375189	33375191	-54	NC_035784.1	33374578	33378166
NC_035784.1	42103145	42103147	-63	NC_035784.1	42101993	42123101
NC_035784.1	47479564	47479566	-51	NC_035784.1	47479046	47479709
NC_035784.1	49941160	49941162	52	NC_035784.1	49941090	49943072
NC_035784.1	49990876	49990878	51	NC_035784.1	49990847	49991348
NC_035784.1	50083563	50083565	-51	NC_035784.1	50083549	50084077
NC_035784.1	50724127	50724129	53	NC_035784.1	50723781	50724983
NC_035784.1	52580950	52580952	50	NC_035784.1	52580718	52581028
NC_035784.1	52601240	52601242	51	NC_035784.1	52600946	52602134
NC_035784.1	53283228	53283230	55	NC_035784.1	53282923	53283308
NC_035784.1	53991051	53991053	-51	NC_035784.1	53985312	53992886
NC_035784.1	53991914	53991916	-52	NC_035784.1	53985312	53992886
NC_035784.1	55154349	55154351	-51	NC_035784.1	55153803	55154785
NC_035784.1	55379466	55379468	57	NC_035784.1	55375706	55381417
NC_035784.1	57163870	57163872	-63	NC_035784.1	57163758	57164171
NC_035784.1	61728078	61728080	58	NC_035784.1	61727660	61728375
NC_035784.1	65903450	65903452	-51	NC_035784.1	65903419	65904186
NC_035784.1	69554490	69554492	-72	NC_035784.1	69553692	69554810
NC_035784.1	75291846	75291848	-75	NC_035784.1	75291725	75294828
NC_035784.1	75314857	75314859	-51	NC_035784.1	75314814	75315124
NC_035784.1	76218382	76218384	63	NC_035784.1	76217989	76218546
NC_035784.1	79293414	79293416	55	NC_035784.1	79290557	79294668
NC_035784.1	81784751	81784753	51	NC_035784.1	81784746	81785266
NC_035784.1	82548250	82548252	-57	NC_035784.1	82547217	82550141
NC_035784.1	85967658	85967660	-58	NC_035784.1	85967055	85968173
NC_035784.1	86309404	86309406	-50	NC_035784.1	86307927	86310482
NC_035784.1	87874188	87874190	52	NC_035784.1	87867722	87875477
NC_035784.1	91582932	91582934	-53	NC_035784.1	91581416	91583149
NC_035784.1	94932867	94932869	51	NC_035784.1	94930503	94936010
NC_035784.1	95098213	95098215	-50	NC_035784.1	95097530	95098887
NC_035784.1	96552800	96552802	50	NC_035784.1	96552759	96553077
NC_035785.1	12703931	12703933	56	NC_035785.1	12703921	12704423
NC_035785.1	14156207	14156208	64	NC_035785.1	14155236	14156208
NC_035786.1	8624213	8624215	60	NC_035786.1	8623813	8624264
NC_035786.1	40104348	40104350	62	NC_035786.1	40104175	40104740
NC_035786.1	41858571	41858573	-50	NC_035786.1	41858067	41858588
NC_035786.1	42612849	42612851	56	NC_035786.1	42610993	42616737
NC_035786.1	43236837	43236839	-53	NC_035786.1	43236820	43238412
NC_035786.1	49056851	49056853	-57	NC_035786.1	49056661	49056871
NC_035787.1	26805833	26805835	67	NC_035787.1	26804535	26805841
NC_035787.1	36929767	36929769	58	NC_035787.1	36880042	36931223
NC_035787.1	43903510	43903512	-52	NC_035787.1	43903212	43903638
NC_035787.1	45643698	45643700	-54	NC_035787.1	45643458	45644303
NC_035787.1	45654370	45654372	52	NC_035787.1	45654369	45654686
NC_035787.1	45658936	45658938	-56	NC_035787.1	45658903	45659627
NC_035787.1	47787950	47787952	-63	NC_035787.1	47787780	47788690
NC_035787.1	48392396	48392398	-51	NC_035787.1	48391093	48392404
NC_035787.1	52112610	52112612	-51	NC_035787.1	52112565	52113318
NC_035787.1	52788269	52788271	-65	NC_035787.1	52787238	52789733
NC_035787.1	53514333	53514335	52	NC_035787.1	53513829	53517825
NC_035787.1	53528804	53528806	63	NC_035787.1	53528487	53532675
NC_035787.1	54271741	54271743	-58	NC_035787.1	54270797	54272875
NC_035787.1	56264362	56264364	63	NC_035787.1	56264207	56264493
NC_035787.1	59175630	59175632	62	NC_035787.1	59174736	59175676
NC_035787.1	60366842	60366844	-51	NC_035787.1	60364912	60368558
NC_035787.1	61149801	61149803	-53	NC_035787.1	61148711	61151761
NC_035787.1	61911189	61911191	-50	NC_035787.1	61911050	61911632
NC_035787.1	63698646	63698648	55	NC_035787.1	63698550	63698853
NC_035788.1	13021323	13021325	57	NC_035788.1	13021293	13022002
NC_035788.1	18651924	18651926	51	NC_035788.1	18651886	18652428
NC_035788.1	22718206	22718207	63	NC_035788.1	22717972	22718207
NC_035788.1	26653090	26653092	-67	NC_035788.1	26651450	26658999
NC_035788.1	46234973	46234975	-83	NC_035788.1	46234895	46235276
NC_035788.1	46282476	46282478	50	NC_035788.1	46281952	46282594
NC_035788.1	48520658	48520660	51	NC_035788.1	48520310	48520678
NC_035788.1	48576353	48576355	55	NC_035788.1	48576293	48577347
NC_035788.1	49531182	49531184	58	NC_035788.1	49530769	49531759
NC_035788.1	56052703	56052705	-73	NC_035788.1	56052354	56053171
NC_035788.1	56154690	56154692	54	NC_035788.1	56154678	56155051
NC_035788.1	56161204	56161206	51	NC_035788.1	56157149	56167347
NC_035788.1	56304983	56304985	57	NC_035788.1	56304211	56305323
NC_035788.1	59053241	59053243	73	NC_035788.1	59046521	59056051
NC_035788.1	59053337	59053339	60	NC_035788.1	59046521	59056051
NC_035788.1	66989251	66989253	54	NC_035788.1	66988946	66989321
NC_035788.1	68202687	68202689	-50	NC_035788.1	68201759	68202824
NC_035788.1	71420685	71420687	-59	NC_035788.1	71418849	71423357
NC_035788.1	71421195	71421197	-58	NC_035788.1	71418849	71423357
NC_035788.1	71422114	71422116	-64	NC_035788.1	71418849	71423357
NC_035788.1	76194268	76194270	51	NC_035788.1	76193695	76194295
NC_035788.1	76194281	76194283	50	NC_035788.1	76193695	76194295
NC_035788.1	76583487	76583489	-58	NC_035788.1	76582764	76583536
NC_035788.1	77344601	77344602	54	NC_035788.1	77344065	77344602
NC_035788.1	90709051	90709053	-54	NC_035788.1	90708996	90709941
NC_035788.1	99540196	99540198	51	NC_035788.1	99539617	99542075
NC_035789.1	1152812	1152814	-61	NC_035789.1	1149406	1161542
NC_035789.1	9445653	9445655	-65	NC_035789.1	9445272	9447330
