NC_035780.1	571100	571194	58	NC_035780.1	570942	571194
NC_035780.1	1933574	1933601	53	NC_035780.1	1933574	1933615
NC_035780.1	22276700	22276801	56	NC_035780.1	22275427	22278631
NC_035780.1	22276700	22276801	56	NC_035780.1	22275427	22278631
NC_035781.1	5386400	5386493	51	NC_035781.1	5386310	5386493
NC_035781.1	5386400	5386493	51	NC_035781.1	5386310	5386493
NC_035781.1	24474587	24474601	53	NC_035781.1	24474587	24474788
NC_035781.1	45110100	45110157	71	NC_035781.1	45109859	45110157
NC_035783.1	19526000	19526101	50	NC_035783.1	19525785	19526784
NC_035783.1	19526000	19526101	50	NC_035783.1	19525785	19526784
NC_035783.1	19594325	19594401	51	NC_035783.1	19594325	19594447
NC_035783.1	21111775	21111801	66	NC_035783.1	21111775	21111829
NC_035783.1	21111775	21111801	66	NC_035783.1	21111775	21111829
NC_035783.1	21111775	21111801	66	NC_035783.1	21111775	21111829
NC_035784.1	2333200	2333301	63	NC_035784.1	2333057	2333333
NC_035784.1	2333200	2333301	63	NC_035784.1	2333057	2333333
NC_035784.1	2333200	2333301	63	NC_035784.1	2333057	2333333
NC_035784.1	2333200	2333301	63	NC_035784.1	2333057	2333333
NC_035784.1	2333200	2333301	63	NC_035784.1	2333057	2333333
NC_035784.1	2333200	2333301	63	NC_035784.1	2333057	2333333
NC_035784.1	2333200	2333301	63	NC_035784.1	2333057	2333333
NC_035784.1	2333200	2333301	63	NC_035784.1	2333057	2333333
NC_035784.1	2333200	2333301	63	NC_035784.1	2333057	2333333
NC_035784.1	2333200	2333301	63	NC_035784.1	2333057	2333333
NC_035784.1	2333200	2333301	63	NC_035784.1	2333057	2333333
NC_035784.1	2333200	2333301	63	NC_035784.1	2333057	2333333
NC_035784.1	2333200	2333301	63	NC_035784.1	2333057	2333333
NC_035784.1	2333200	2333301	63	NC_035784.1	2333057	2333333
NC_035784.1	2333200	2333301	63	NC_035784.1	2333057	2333333
NC_035784.1	2353600	2353631	52	NC_035784.1	2353548	2353631
NC_035784.1	36745800	36745901	63	NC_035784.1	36745693	36747147
NC_035784.1	39858400	39858454	57	NC_035784.1	39858198	39858454
NC_035784.1	61208100	61208201	52	NC_035784.1	61207633	61208475
NC_035784.1	81784700	81784745	51	NC_035784.1	81784614	81784745
NC_035785.1	12703900	12703920	56	NC_035785.1	12703773	12703920
NC_035785.1	12703900	12703920	56	NC_035785.1	12703773	12703920
NC_035787.1	59175676	59175701	62	NC_035787.1	59175676	59175866
NC_035787.1	59175676	59175701	62	NC_035787.1	59175676	59175866
NC_035787.1	59175676	59175701	62	NC_035787.1	59175676	59175866
NC_035787.1	59175676	59175701	62	NC_035787.1	59175676	59175866
NC_035787.1	59175676	59175701	62	NC_035787.1	59175676	59175866
NC_035787.1	73255300	73255312	64	NC_035787.1	73255184	73255312
NC_035788.1	70761600	70761701	55	NC_035788.1	70761224	70762813
